0 0.7091049384765625 0.77109053515625 0.7160493828125 0.7798353906250001 0.7237654321289062 0.7788065846354167 0.7287808642578125 0.7721193417968749 0.7280092592773437 0.7597736627604167 0.7226080249023438 0.7530864199218751 0.7172067900390625 0.7525720162760416 0.7137345678710938 0.7546296295572916 0.7094907407226563 0.7623456790364583 0.7091049384765625 0.77109053515625
0 0.6516203706054687 0.299897119140625 0.6581790122070312 0.30298353906250003 0.662037037109375 0.30246913606770837 0.66512345703125 0.29938271614583334 0.6670524692382812 0.29320987630208334 0.667438271484375 0.2834362141927083 0.6624228393554688 0.2762345677083333 0.6547067900390625 0.27520576106770833 0.650462962890625 0.27932098763020835 0.6481481479492187 0.2906378600260417 0.6516203706054687 0.299897119140625
0 0.70987654296875 0.7757201647135417 0.7160493828125 0.7803497942708333 0.7206790122070312 0.7803497942708333 0.7256944443359375 0.7772633743489584 0.7283950615234375 0.7726337447916666 0.7291666665039063 0.765946501953125 0.7249228393554688 0.7556584361979167 0.7210648149414063 0.75205761328125 0.7137345678710938 0.75205761328125 0.7083333334960937 0.7674897122395833 0.70987654296875 0.7757201647135417
0 0.6983024692382812 0.6831275722656249 0.7021604936523438 0.692901234375 0.7067901235351562 0.6954732513020834 0.7125771606445312 0.6949588476562499 0.7172067900390625 0.6934156380208334 0.7191358022460937 0.6893004114583333 0.7195216049804688 0.6779835390625001 0.7172067900390625 0.6707818932291666 0.7106481479492187 0.6666666666666666 0.7052469135742188 0.6671810696614583 0.7010030864257812 0.6707818932291666 0.6983024692382812 0.6831275722656249
0 0.692901234375 0.640946501953125 0.6975308642578125 0.6491769544270833 0.7033179013671875 0.6527777779947916 0.710262345703125 0.6507201647135417 0.7137345678710938 0.6440329218749999 0.7141203706054687 0.6316872428385417 0.710262345703125 0.6265432096354167 0.7037037036132813 0.6224279837239584 0.7002314814453126 0.6234567903645833 0.6956018520507813 0.6301440332031251 0.692901234375 0.640946501953125
0 0.7087191357421875 0.73713991796875 0.7172067900390625 0.7391975305989583 0.7233796293945313 0.7314814817708334 0.724537037109375 0.7201646093749999 0.7195216049804688 0.7114197532552083 0.7125771606445312 0.7093621399739584 0.7056327158203125 0.7160493828125 0.7029320986328125 0.7283950618489583 0.7087191357421875 0.73713991796875
0 0.6550925927734375 0.3384773665364584 0.6581790122070312 0.34310699609375 0.6682098764648438 0.344135802734375 0.6724537036132813 0.3374485598958334 0.6728395063476562 0.3287037037760417 0.6697530864257812 0.320987654296875 0.661651234375 0.31738683138020835 0.6558641977539063 0.32150205729166664 0.6535493828125 0.33179012369791666 0.6550925927734375 0.3384773665364584
0 0.21219135791015625 0.442901234375 0.21643518505859374 0.450102880859375 0.22067901220703126 0.45267489713541664 0.22762345703125 0.4531893001302083 0.232638888671875 0.44341563802083334 0.23225308642578124 0.4284979427083333 0.22916666650390624 0.42335390950520835 0.22376543212890626 0.4218106998697917 0.2175925927734375 0.4238683125 0.21219135791015625 0.432098765625 0.21219135791015625 0.442901234375
0 0.20640432080078125 0.39969135807291667 0.21373456787109374 0.407921810546875 0.2199074072265625 0.4084362141927083 0.2260802470703125 0.40020576106770833 0.2256944443359375 0.38477366276041663 0.221836419921875 0.38065843619791667 0.21797839501953126 0.3791152265625 0.213348765625 0.38065843619791667 0.2060185185546875 0.39043209895833336 0.20640432080078125 0.39969135807291667
0 0.22260802490234374 0.49331275716145834 0.2256944443359375 0.494855966796875 0.2314814814453125 0.49382716080729167 0.23533950634765624 0.49022633723958337 0.23649691357421876 0.48611111132812496 0.2368827158203125 0.47582304557291666 0.23341049365234376 0.467078189453125 0.22685185205078126 0.4655349791666667 0.21913580224609375 0.47325102864583335 0.21836419775390625 0.48456790104166664 0.22260802490234374 0.49331275716145834
0 0.25810185205078123 0.7505144029947917 0.26234567919921875 0.7530864199218751 0.26967592578125 0.7515432096354168 0.2739197529296875 0.7448559667968749 0.27353395068359376 0.7350823046875 0.2662037036132813 0.7258230455729167 0.2600308642578125 0.7273662552083334 0.25462962939453126 0.7381687239583333 0.25501543212890626 0.7453703704427084 0.25810185205078123 0.7505144029947917
0 0.25501543212890626 0.7103909466145834 0.26234567919921875 0.7093621399739584 0.267361111328125 0.7037037037760417 0.26697530859375 0.6898148151041666 0.26234567919921875 0.682098765625 0.25462962939453126 0.6826131686197917 0.2484567900390625 0.6934156380208334 0.25 0.7042181067708334 0.25501543212890626 0.7103909466145834
0 0.2426697529296875 0.657921810546875 0.24537037060546876 0.66512345703125 0.255787037109375 0.6687242799479166 0.2596450615234375 0.666152263671875 0.261188271484375 0.6625514401041667 0.261188271484375 0.6512345677083333 0.25887345703125 0.6435185182291666 0.255787037109375 0.640946501953125 0.25038580224609375 0.640946501953125 0.244598765625 0.6445473248697916 0.2426697529296875 0.657921810546875
0 0.26157407421875 0.78806584375 0.26967592578125 0.7968106998697917 0.2739197529296875 0.7973251028645834 0.2797067900390625 0.7896090533854166 0.28086419775390625 0.784979423828125 0.2800925927734375 0.7772633743489584 0.272762345703125 0.7685185182291666 0.26658950634765627 0.77109053515625 0.261188271484375 0.7798353906250001 0.26157407421875 0.78806584375
0 0.272762345703125 0.8364197532552083 0.2800925927734375 0.8374485598958333 0.28317901220703123 0.8353909466145834 0.286651234375 0.8292181067708334 0.28587962939453126 0.8204732513020834 0.2797067900390625 0.8117283951822917 0.27314814794921877 0.8127572018229167 0.2685185185546875 0.817901234375 0.26774691357421876 0.8287037037760417 0.272762345703125 0.8364197532552083
0 0.19637345703125 0.3148148151041667 0.19945987646484375 0.317901234375 0.2029320986328125 0.31995884765625 0.20717592578125 0.3194444446614583 0.210262345703125 0.317901234375 0.21373456787109374 0.3117283951822917 0.21373456787109374 0.299897119140625 0.2114197529296875 0.29423868294270833 0.20177469140625 0.29372427994791667 0.19637345703125 0.2988683125 0.19521604931640624 0.3106995885416667 0.19637345703125 0.3148148151041667
0 0.19560185205078126 0.2762345677083333 0.20408950634765624 0.27520576106770833 0.20679012353515625 0.27263374479166663 0.2087191357421875 0.26491769531250003 0.20717592578125 0.25565843619791667 0.20216049365234376 0.25 0.192901234375 0.25205761328125004 0.1890432099609375 0.26131687239583334 0.18942901220703126 0.269032921875 0.19560185205078126 0.2762345677083333
0 0.20679012353515625 0.3636831276041667 0.21527777783203125 0.36213991796874995 0.2199074072265625 0.3523662552083333 0.21836419775390625 0.342078189453125 0.210262345703125 0.3353909466145833 0.20254629638671875 0.342078189453125 0.2002314814453125 0.35030864192708333 0.201388888671875 0.356995884765625 0.20679012353515625 0.3636831276041667
0 0.35185185205078123 0.7062757200520834 0.3564814814453125 0.7067901236979166 0.36033950634765627 0.7026748971354166 0.36072530859375 0.698045267578125 0.3587962963867187 0.692901234375 0.35455246923828126 0.6918724277343751 0.34992283935546875 0.6949588476562499 0.349151234375 0.700102880859375 0.35185185205078123 0.7062757200520834
0 0.3846450615234375 0.797839505859375 0.38850308642578124 0.7942386829427083 0.38734567919921875 0.7829218105468749 0.38387345703125 0.7813786009114584 0.37885802490234377 0.7854938274739584 0.378086419921875 0.7916666666666666 0.380401234375 0.7968106998697917 0.3846450615234375 0.797839505859375
0 0.42515432080078125 0.8503086419270834 0.4282407407226563 0.8528806582031251 0.43287037060546874 0.8503086419270834 0.43364197509765623 0.8420781894531251 0.43248456787109374 0.8395061725260416 0.429012345703125 0.83693415625 0.42708333349609373 0.837962962890625 0.4247685185546875 0.8420781894531251 0.42515432080078125 0.8503086419270834
0 0.409336419921875 0.8549382714843751 0.412037037109375 0.856995884765625 0.41666666650390627 0.8544238684895834 0.417438271484375 0.8487654322916667 0.4158950615234375 0.84310699609375 0.4131944443359375 0.8410493828125 0.4097222221679688 0.8420781894531251 0.40856481494140623 0.8456790123697916 0.409336419921875 0.8549382714843751
0 0.44637345703125 0.8497942389322916 0.4502314814453125 0.8456790123697916 0.4506172841796875 0.8415637858072916 0.4475308642578125 0.833847736328125 0.44135802490234377 0.8353909466145834 0.43981481494140623 0.8425925924479167 0.4417438271484375 0.8492798352864583 0.44637345703125 0.8497942389322916
0 0.45794753076171874 0.8446502057291667 0.46373456787109374 0.8456790123697916 0.4660493828125 0.8425925924479167 0.4660493828125 0.8353909466145834 0.46373456787109374 0.8317901236979166 0.4591049384765625 0.8307613170572917 0.45679012353515625 0.8328189303385417 0.4560185185546875 0.8395061725260416 0.45794753076171874 0.8446502057291667
0 0.5725308642578125 0.7844650208333334 0.57677469140625 0.78806584375 0.5817901235351562 0.787037037109375 0.58487654296875 0.780864197265625 0.585262345703125 0.7757201647135417 0.5833333334960937 0.77109053515625 0.5783179013671875 0.7685185182291666 0.573688271484375 0.7721193417968749 0.5717592592773437 0.7788065846354167 0.5725308642578125 0.7844650208333334
0 0.60262345703125 0.8204732513020834 0.6068672841796875 0.823045267578125 0.6126543208007813 0.8199588476562499 0.61342592578125 0.8143004114583333 0.6114969135742188 0.8081275722656249 0.6095679013671875 0.806069958984375 0.604938271484375 0.8076131686197917 0.6018518520507813 0.8137860084635417 0.60262345703125 0.8204732513020834
0 0.60802469140625 0.84310699609375 0.6122685185546874 0.844135802734375 0.61612654296875 0.8410493828125 0.616512345703125 0.8353909466145834 0.613811728515625 0.8287037037760417 0.6095679013671875 0.8281893001302083 0.6072530864257812 0.8302469134114583 0.6057098764648438 0.83899176953125 0.60802469140625 0.84310699609375
0 0.6624228393554688 0.8333333333333334 0.6658950615234375 0.8312757200520834 0.6662808642578125 0.8220164609374999 0.664737654296875 0.8163580247395833 0.6601080249023438 0.8148148151041666 0.6550925927734375 0.817901234375 0.65625 0.8323045266927083 0.6624228393554688 0.8333333333333334
0 0.6527777778320313 0.8096707819010417 0.6577932099609375 0.8122427981770833 0.6628086420898438 0.8096707819010417 0.6631944443359375 0.801954732421875 0.6608796293945313 0.7957818932291666 0.6589506171875 0.7942386829427083 0.6539351850585937 0.7952674895833334 0.6516203706054687 0.799897119140625 0.6527777778320313 0.8096707819010417
0 0.6774691357421875 0.6059670781250001 0.6828703706054687 0.6075102877604167 0.6878858022460937 0.6033950618489583 0.6886574072265625 0.5972222220052084 0.6863425927734375 0.5905349791666666 0.682098765625 0.590020576171875 0.6766975307617188 0.59310699609375 0.6755401235351562 0.6023662552083333 0.6774691357421875 0.6059670781250001
0 0.6628086420898438 0.6105967076822917 0.66782407421875 0.611111111328125 0.67052469140625 0.606995884765625 0.6709104936523438 0.6003086419270833 0.6689814814453126 0.5951646093749999 0.6631944443359375 0.5956790123697916 0.6597222221679687 0.5992798352864583 0.6597222221679687 0.6059670781250001 0.6628086420898438 0.6105967076822917
0 0.64737654296875 0.6152263372395833 0.653163580078125 0.61213991796875 0.653163580078125 0.6003086419270833 0.6516203706054687 0.5987654322916667 0.6458333334960937 0.5997942389322917 0.6431327158203125 0.6059670781250001 0.64467592578125 0.61213991796875 0.64737654296875 0.6152263372395833
0 0.638888888671875 0.6152263372395833 0.6373456791992187 0.602880658203125 0.6300154321289062 0.602880658203125 0.6265432099609375 0.6059670781250001 0.6284722221679687 0.6177983541666666 0.6346450615234375 0.6183127571614583 0.638888888671875 0.6152263372395833
0 0.6122685185546874 0.6203703704427083 0.616512345703125 0.62294238671875 0.6211419750976562 0.6188271608072916 0.621913580078125 0.61213991796875 0.6199845678710938 0.606995884765625 0.6157407407226563 0.6064814817708334 0.611111111328125 0.6095679010416667 0.61072530859375 0.6167695475260416 0.6122685185546874 0.6203703704427083
0 0.6014660493164062 0.6265432096354167 0.6041666665039063 0.6234567903645833 0.6041666665039063 0.61213991796875 0.6030092592773437 0.6105967076822917 0.596836419921875 0.61213991796875 0.5945216049804688 0.6162551438802083 0.5960648149414063 0.625 0.6014660493164062 0.6265432096354167
0 0.5814043208007813 0.6306584361979167 0.5856481479492187 0.6301440332031251 0.5887345678710938 0.6265432096354167 0.5891203706054687 0.6183127571614583 0.5864197529296875 0.6136831276041667 0.57947530859375 0.6157407408854166 0.5771604936523438 0.6203703704427083 0.5779320986328125 0.62705761328125 0.5814043208007813 0.6306584361979167
0 0.5648148149414063 0.6337448561197917 0.568287037109375 0.6342592591145834 0.5725308642578125 0.6296296295572917 0.5729166665039063 0.625 0.570987654296875 0.6188271608072916 0.5675154321289062 0.6172839505208333 0.5628858022460937 0.6193415638020833 0.5621141977539063 0.628086419921875 0.5648148149414063 0.6337448561197917
0 0.5478395063476562 0.6373456790364583 0.5524691357421875 0.6383744856770833 0.5559413579101562 0.6342592591145834 0.556712962890625 0.6275720162760416 0.5543981479492187 0.621913580078125 0.5501543208007813 0.621913580078125 0.545138888671875 0.6265432096354167 0.545138888671875 0.6327160494791667 0.5478395063476562 0.6373456790364583
0 0.53125 0.6414609055989583 0.537037037109375 0.64197530859375 0.539737654296875 0.63786008203125 0.54012345703125 0.6306584361979167 0.5378086420898438 0.6265432096354167 0.5331790122070312 0.626028806640625 0.5297067900390625 0.6286008229166666 0.528163580078125 0.6347736627604167 0.53125 0.6414609055989583
0 0.5150462963867187 0.6445473248697916 0.51967592578125 0.64609053515625 0.5231481479492187 0.6424897122395833 0.5235339506835938 0.6342592591145834 0.5208333334960937 0.6301440332031251 0.5162037036132813 0.6301440332031251 0.5131172841796875 0.6332304524739584 0.5127314814453126 0.638888888671875 0.5150462963867187 0.6445473248697916
0 0.4972993828125 0.6481481484375 0.5007716049804688 0.6502057610677083 0.505787037109375 0.6481481484375 0.5069444443359375 0.638888888671875 0.505401234375 0.6337448561197917 0.5015432099609375 0.6332304524739584 0.49768518505859377 0.6358024694010417 0.4957561728515625 0.6404320989583333 0.4972993828125 0.6481481484375
0 0.48919753076171874 0.5823045266927084 0.494212962890625 0.5828189303385417 0.4972993828125 0.5792181067708333 0.49768518505859377 0.5735596705729167 0.49614197509765623 0.5689300410156249 0.4907407407226563 0.5684156380208333 0.48804012353515625 0.570987654296875 0.48765432080078125 0.5792181067708333 0.48919753076171874 0.5823045266927084
0 0.5046296293945313 0.5766460904947917 0.5077160493164062 0.5797325104166667 0.513888888671875 0.5766460904947917 0.5146604936523438 0.5704732513020833 0.5131172841796875 0.5648148151041666 0.5096450615234375 0.5617283951822917 0.5077160493164062 0.5622427981770833 0.5038580249023438 0.570987654296875 0.5046296293945313 0.5766460904947917
0 0.5262345678710938 0.577160494140625 0.5300925927734375 0.5735596705729167 0.5300925927734375 0.5632716048177083 0.5266203706054687 0.5601851848958334 0.522762345703125 0.5617283951822917 0.5204475307617188 0.5673868313802083 0.5216049384765625 0.575102880859375 0.5262345678710938 0.577160494140625
0 0.5405092592773437 0.573045267578125 0.5470679013671875 0.5699588476562499 0.5470679013671875 0.5576131686197917 0.5443672841796875 0.5550411523437501 0.5381944443359375 0.557098765625 0.536651234375 0.5596707819010417 0.536651234375 0.570987654296875 0.5405092592773437 0.573045267578125
0 0.5559413579101562 0.5684156380208333 0.5601851850585937 0.5684156380208333 0.5636574072265625 0.5643004114583333 0.5640432099609375 0.5586419752604167 0.5609567900390625 0.5524691360677083 0.5574845678710938 0.551954732421875 0.5547839506835938 0.554012345703125 0.5532407407226563 0.5622427981770833 0.5559413579101562 0.5684156380208333
0 0.5698302470703125 0.5612139915364583 0.5752314814453126 0.5643004114583333 0.579861111328125 0.5606995885416667 0.579861111328125 0.5545267486979167 0.5779320986328125 0.5504115227864583 0.5748456791992187 0.5462962962239584 0.57137345703125 0.547839505859375 0.5690586420898438 0.5534979427083333 0.5698302470703125 0.5612139915364583
0 0.588348765625 0.5601851848958334 0.59375 0.5601851848958334 0.596836419921875 0.5560699589843751 0.596836419921875 0.5504115227864583 0.5949074072265625 0.5457818932291667 0.5922067900390625 0.5442386829427083 0.5868055556640625 0.5473251028645834 0.5860339506835938 0.5550411523437501 0.588348765625 0.5601851848958334
0 0.6099537036132813 0.5565843619791667 0.6130401235351562 0.5529835390625 0.613811728515625 0.5437242799479166 0.6122685185546874 0.54012345703125 0.607638888671875 0.5396090533854166 0.6018518520507813 0.5432098763020833 0.60262345703125 0.5555555553385417 0.6099537036132813 0.5565843619791667
0 0.621913580078125 0.5534979427083333 0.6265432099609375 0.5524691360677083 0.6296296293945313 0.5473251028645834 0.628086419921875 0.5375514401041667 0.6234567900390625 0.5334362141927084 0.6222993828125 0.5344650208333334 0.619212962890625 0.5396090533854166 0.619598765625 0.551954732421875 0.621913580078125 0.5534979427083333
0 0.6373456791992187 0.5483539095052083 0.6431327158203125 0.5473251028645834 0.6454475307617188 0.5442386829427083 0.6454475307617188 0.5375514401041667 0.64197530859375 0.532921810546875 0.63927469140625 0.532921810546875 0.6358024692382812 0.5365226334635417 0.6350308642578125 0.5447530865885416 0.6373456791992187 0.5483539095052083
0 0.6581790122070312 0.5447530865885416 0.662037037109375 0.5396090533854166 0.6624228393554688 0.5365226334635417 0.659336419921875 0.5282921809895833 0.6543209877929688 0.5272633743489583 0.6520061728515625 0.5293209876302084 0.6523919750976562 0.5426954733072916 0.6581790122070312 0.5447530865885416
0 0.6693672841796875 0.54012345703125 0.67592592578125 0.541152263671875 0.6805555556640625 0.53600823046875 0.6797839506835938 0.5303497942708334 0.67592592578125 0.5241769544270833 0.6716820986328125 0.5226337447916667 0.6685956791992187 0.5252057610677083 0.6670524692382812 0.5339506171875 0.6693672841796875 0.54012345703125
0 0.47067901220703123 0.6558641972656251 0.47337962939453126 0.6527777779947916 0.47260802490234377 0.6424897122395833 0.46913580224609375 0.640946501953125 0.4652777778320312 0.6435185182291666 0.46373456787109374 0.647119341796875 0.4652777778320312 0.6548353906250001 0.47067901220703123 0.6558641972656251
0 0.47067901220703123 0.6784979427083333 0.47685185205078123 0.672839505859375 0.4756944443359375 0.6646090533854166 0.47106481494140623 0.6625514401041667 0.46797839501953126 0.6646090533854166 0.46643518505859377 0.6707818932291666 0.4675925927734375 0.6764403294270833 0.47067901220703123 0.6784979427083333
0 0.47106481494140623 0.6985596705729167 0.474537037109375 0.6995884772135416 0.47916666650390627 0.6949588476562499 0.47955246923828126 0.6893004114583333 0.4780092592773437 0.6846707819010417 0.47376543212890626 0.68415637890625 0.4714506171875 0.6867283951822917 0.4699074072265625 0.6913580247395833 0.47106481494140623 0.6985596705729167
0 0.48804012353515625 0.6949588476562499 0.491512345703125 0.6970164609374999 0.4957561728515625 0.6934156380208334 0.4965277778320312 0.6867283951822917 0.49498456787109374 0.6815843619791666 0.491512345703125 0.6795267486979166 0.4872685185546875 0.6831275722656249 0.48572530859375 0.6893004114583333 0.48804012353515625 0.6949588476562499
0 0.40817901220703123 0.6301440332031251 0.4131944443359375 0.6296296295572917 0.4155092592773437 0.6265432096354167 0.4162808642578125 0.6234567903645833 0.41435185205078123 0.6172839505208333 0.411651234375 0.6152263372395833 0.40702160498046874 0.6188271608072916 0.40625 0.62705761328125 0.40817901220703123 0.6301440332031251
0 0.4047067900390625 0.5725308639322917 0.409336419921875 0.56584362109375 0.40817901220703123 0.5545267486979167 0.40432098779296877 0.5534979427083333 0.3993055556640625 0.558127572265625 0.39853395068359376 0.567901234375 0.40123456787109374 0.5725308639322917 0.4047067900390625 0.5725308639322917
0 0.3777006171875 0.5648148151041666 0.38387345703125 0.5643004114583333 0.38580246923828126 0.5601851848958334 0.38580246923828126 0.554012345703125 0.38387345703125 0.5504115227864583 0.37962962939453126 0.5493827161458333 0.37692901220703123 0.5514403294270833 0.37577160498046874 0.5612139915364583 0.3777006171875 0.5648148151041666
0 0.35570987646484375 0.5653292180989583 0.36033950634765627 0.5622427981770833 0.3595679013671875 0.55092592578125 0.3564814814453125 0.5488683125 0.3537808642578125 0.549897119140625 0.3506944443359375 0.5555555553385417 0.3510802470703125 0.5622427981770833 0.35570987646484375 0.5653292180989583
0 0.35262345703125 0.5781893001302083 0.35570987646484375 0.5807613170572917 0.3591820986328125 0.5807613170572917 0.3618827158203125 0.5781893001302083 0.36304012353515625 0.5761316875 0.3622685185546875 0.5689300410156249 0.3595679013671875 0.5648148151041666 0.35532407421875 0.56584362109375 0.35185185205078123 0.5725308639322917 0.35262345703125 0.5781893001302083
0 0.35570987646484375 0.5997942389322917 0.3599537036132813 0.6003086419270833 0.36304012353515625 0.5961934153645834 0.36304012353515625 0.58899176953125 0.36149691357421876 0.58693415625 0.3568672841796875 0.585905349609375 0.35455246923828126 0.587962962890625 0.3537808642578125 0.5967078190104167 0.35570987646484375 0.5997942389322917
0 0.3364197529296875 0.606995884765625 0.33989197509765623 0.6023662552083333 0.3395061728515625 0.5941358027343749 0.33719135791015625 0.5910493828125 0.33217592578125 0.5925925924479166 0.32908950634765627 0.5987654322916667 0.33179012353515625 0.6064814817708334 0.3364197529296875 0.606995884765625
0 0.317901234375 0.557098765625 0.32060185205078123 0.554012345703125 0.32060185205078123 0.5457818932291667 0.318287037109375 0.5432098763020833 0.3136574072265625 0.5437242799479166 0.31172839501953126 0.5488683125 0.3125 0.5545267486979167 0.317901234375 0.557098765625
0 0.31867283935546875 0.5293209876302084 0.32137345703125 0.5252057610677083 0.32021604931640624 0.5144032923177083 0.318287037109375 0.51286008203125 0.31481481494140623 0.5144032923177083 0.31288580224609375 0.5216049381510417 0.3140432099609375 0.5277777779947916 0.31867283935546875 0.5293209876302084
0 0.24807098779296874 0.5720164609375 0.25192901220703123 0.5725308639322917 0.25501543212890626 0.567901234375 0.255401234375 0.5622427981770833 0.25385802490234377 0.5576131686197917 0.25077160498046874 0.557098765625 0.246913580078125 0.5612139915364583 0.24614197509765626 0.5684156380208333 0.24807098779296874 0.5720164609375
0 0.25462962939453126 0.6059670781250001 0.2596450615234375 0.60390946484375 0.25887345703125 0.5915637858072916 0.25655864208984375 0.590020576171875 0.25192901220703123 0.5910493828125 0.25 0.5951646093749999 0.25038580224609375 0.602880658203125 0.25462962939453126 0.6059670781250001
0 0.2800925927734375 0.8801440332031251 0.28780864208984375 0.8791152265625 0.292438271484375 0.8724279837239584 0.29205246923828126 0.8605967076822917 0.287037037109375 0.8544238684895834 0.2797067900390625 0.8549382714843751 0.2739197529296875 0.8626543209635417 0.27469135791015625 0.87294238671875 0.2800925927734375 0.8801440332031251
0 0.39429012353515625 0.7947530865885417 0.3993055556640625 0.7926954733072917 0.40007716064453125 0.7829218105468749 0.397762345703125 0.7798353906250001 0.3931327158203125 0.7813786009114584 0.3908179013671875 0.79012345703125 0.39158950634765627 0.7921810696614583 0.39429012353515625 0.7947530865885417
0 0.33487654296875 0.8503086419270834 0.3425925927734375 0.8492798352864583 0.34297839501953126 0.83899176953125 0.33912037060546874 0.835905349609375 0.33487654296875 0.83693415625 0.33179012353515625 0.8446502057291667 0.33333333349609373 0.8487654322916667 0.33487654296875 0.8503086419270834
0 0.33989197509765623 0.87294238671875 0.34452160498046874 0.8713991770833333 0.34375 0.8600823046875 0.3422067900390625 0.8580246914062499 0.337962962890625 0.8580246914062499 0.335262345703125 0.8626543209635417 0.3364197529296875 0.8703703704427084 0.33989197509765623 0.87294238671875
0 0.4467592592773437 0.45679012369791666 0.4506172841796875 0.4583333333333333 0.45524691357421876 0.45370370377604163 0.4556327158203125 0.4470164609375 0.45408950634765627 0.443930041015625 0.44984567919921875 0.44341563802083334 0.44637345703125 0.4454732513020833 0.44560185205078123 0.4531893001302083 0.4467592592773437 0.45679012369791666
0 0.47106481494140623 0.4511316875 0.4756944443359375 0.4531893001302083 0.479938271484375 0.44958847721354167 0.48109567919921875 0.4465020572916667 0.48032407421875 0.4393004114583334 0.47762345703125 0.4367283951822916 0.47260802490234377 0.4382716048177084 0.47067901220703123 0.44238683138020835 0.47106481494140623 0.4511316875
0 0.5262345678710938 0.44032921809895836 0.5293209877929688 0.4362139915364583 0.5289351850585937 0.4279835390625 0.5270061728515625 0.4264403294270833 0.5212191357421875 0.4279835390625 0.5192901235351562 0.4362139915364583 0.5216049384765625 0.44032921809895836 0.5262345678710938 0.44032921809895836
0 0.49807098779296877 0.4470164609375 0.503086419921875 0.4454732513020833 0.505401234375 0.441872427734375 0.505401234375 0.4351851848958333 0.5023148149414063 0.431069958984375 0.496913580078125 0.43261316861979165 0.49498456787109374 0.4351851848958333 0.49498456787109374 0.44341563802083334 0.49807098779296877 0.4470164609375
0 0.5524691357421875 0.43415637890625 0.5543981479492187 0.431069958984375 0.55362654296875 0.42129629622395837 0.5505401235351562 0.41975308658854166 0.54552469140625 0.42232510286458336 0.5443672841796875 0.4295267486979167 0.5466820986328125 0.43467078190104164 0.5524691357421875 0.43415637890625
0 0.5748456791992187 0.42901234570312496 0.5787037036132813 0.42438271614583334 0.5783179013671875 0.416152263671875 0.5752314814453126 0.41409465039062504 0.5702160493164062 0.416152263671875 0.5690586420898438 0.4264403294270833 0.5706018520507813 0.42901234570312496 0.5748456791992187 0.42901234570312496
0 0.5956790122070312 0.42438271614583334 0.5999228393554688 0.4238683125 0.6045524692382812 0.41923868294270833 0.6045524692382812 0.4115226334635416 0.60262345703125 0.4084362141927083 0.599151234375 0.407921810546875 0.5952932099609375 0.4104938274739583 0.5933641977539063 0.4146090533854167 0.5956790122070312 0.42438271614583334
0 0.6199845678710938 0.4166666666666667 0.6246141977539063 0.4176954733072917 0.628086419921875 0.4146090533854167 0.6288580249023438 0.407921810546875 0.6269290122070312 0.40277777799479164 0.6215277778320313 0.40277777799479164 0.6188271606445312 0.404835390625 0.6184413579101562 0.41306584375000005 0.6199845678710938 0.4166666666666667
0 0.6512345678710938 0.40689300390625 0.6550925927734375 0.40997942382812497 0.6585648149414063 0.40997942382812497 0.6601080249023438 0.407921810546875 0.6608796293945313 0.3981481484375 0.6597222221679687 0.39557613151041665 0.6581790122070312 0.394032921875 0.6527777778320313 0.39557613151041665 0.650848765625 0.3986625514322917 0.6512345678710938 0.40689300390625
0 0.6712962963867187 0.4166666666666667 0.67592592578125 0.4166666666666667 0.67862654296875 0.41203703710937495 0.679012345703125 0.407921810546875 0.67592592578125 0.4012345677083333 0.6712962963867187 0.40174897135416665 0.6682098764648438 0.4074074075520833 0.6682098764648438 0.4125514401041666 0.6712962963867187 0.4166666666666667
0 0.6720679013671875 0.4356995885416666 0.6751543208007813 0.4387860084635417 0.679012345703125 0.4382716048177084 0.6813271606445312 0.4356995885416666 0.682098765625 0.42901234570312496 0.6809413579101562 0.42592592578125 0.679012345703125 0.42335390950520835 0.6743827158203125 0.4238683125 0.6720679013671875 0.4284979427083333 0.6720679013671875 0.4356995885416666
0 0.6442901235351562 0.253086419921875 0.6466049384765625 0.25617283919270833 0.6520061728515625 0.2582304524739583 0.6566358022460937 0.25668724283854166 0.6601080249023438 0.25205761328125004 0.661651234375 0.24845679036458335 0.6604938271484375 0.23713991796875 0.653163580078125 0.23096707812499997 0.6454475307617188 0.23251028776041668 0.64197530859375 0.24485596679687502 0.6442901235351562 0.253086419921875
0 0.6412037036132813 0.21244855989583333 0.650462962890625 0.21347736653645832 0.6558641977539063 0.20576131705729164 0.6558641977539063 0.195987654296875 0.650462962890625 0.18878600846354165 0.6412037036132813 0.18878600846354165 0.6369598764648438 0.19547325130208335 0.63657407421875 0.20370370377604166 0.6412037036132813 0.21244855989583333
0 0.6319444443359375 0.16460905338541668 0.6358024692382812 0.16975308658854169 0.6442901235351562 0.16975308658854169 0.6481481479492187 0.166152263671875 0.6500771606445312 0.16100823046874999 0.6493055556640625 0.15072016471354166 0.6458333334960937 0.14506172851562502 0.6385030864257812 0.143004115234375 0.6323302470703125 0.14763374479166666 0.6300154321289062 0.157921810546875 0.6319444443359375 0.16460905338541668
0 0.6570216049804688 0.4511316875 0.6604938271484375 0.4542181067708333 0.6655092592773437 0.4531893001302083 0.6666666665039063 0.450102880859375 0.6658950615234375 0.44135802473958335 0.6624228393554688 0.4382716048177084 0.6589506171875 0.4393004114583334 0.65625 0.44598765429687504 0.6570216049804688 0.4511316875
0 0.6547067900390625 0.4305555553385417 0.6585648149414063 0.432098765625 0.6635802470703125 0.42901234570312496 0.6639660493164062 0.4218106998697917 0.661651234375 0.41718106966145835 0.6577932099609375 0.4166666666666667 0.6547067900390625 0.41872427994791667 0.6535493828125 0.42232510286458336 0.6547067900390625 0.4305555553385417
0 0.28317901220703123 0.47530864192708333 0.28742283935546875 0.47427983528645834 0.28935185205078123 0.470164609375 0.289737654296875 0.46399176953125004 0.287037037109375 0.4603909466145833 0.28317901220703123 0.4603909466145833 0.2797067900390625 0.46399176953125004 0.2797067900390625 0.47067901236979165 0.28317901220703123 0.47530864192708333
0 0.2993827158203125 0.47222222200520836 0.3028549384765625 0.4717078190104167 0.30594135791015625 0.4655349791666667 0.3055555556640625 0.45781893033854165 0.304012345703125 0.45576131705729167 0.30054012353515625 0.45576131705729167 0.2962962963867187 0.45987654296874997 0.29591049365234373 0.467078189453125 0.2993827158203125 0.47222222200520836
0 0.317901234375 0.469135802734375 0.320987654296875 0.46296296289062505 0.32060185205078123 0.4531893001302083 0.31905864208984375 0.45164609049479165 0.31442901220703123 0.4531893001302083 0.31211419775390625 0.4603909466145833 0.31327160498046874 0.4675925924479167 0.317901234375 0.469135802734375
0 0.32908950634765627 0.46296296289062505 0.332561728515625 0.4655349791666667 0.337962962890625 0.45987654296874997 0.33873456787109374 0.4531893001302083 0.33757716064453125 0.4485596705729167 0.335262345703125 0.4470164609375 0.3306327158203125 0.4485596705729167 0.3279320986328125 0.45370370377604163 0.32908950634765627 0.46296296289062505
0 0.320987654296875 0.3976337447916667 0.326388888671875 0.3981481484375 0.329861111328125 0.395061728515625 0.33024691357421876 0.3873456790364583 0.3283179013671875 0.38065843619791667 0.32484567919921875 0.3796296295572917 0.31905864208984375 0.38374485611979164 0.31867283935546875 0.39248971223958334 0.320987654296875 0.3976337447916667
0 0.31018518505859377 0.40174897135416665 0.31288580224609375 0.3976337447916667 0.31327160498046874 0.390946501953125 0.3109567900390625 0.38477366276041663 0.30439814794921877 0.3873456790364583 0.3024691357421875 0.393004115234375 0.30439814794921877 0.4012345677083333 0.31018518505859377 0.40174897135416665
0 0.29166666650390627 0.40637860091145833 0.2962962963867187 0.4022633743489583 0.29591049365234373 0.390946501953125 0.2939814814453125 0.38888888867187504 0.28935185205078123 0.39043209895833336 0.287037037109375 0.395061728515625 0.28780864208984375 0.404835390625 0.29166666650390627 0.40637860091145833
0 0.272762345703125 0.4094650208333333 0.2777777778320312 0.4084362141927083 0.2800925927734375 0.40432098763020835 0.28086419775390625 0.40020576106770833 0.27893518505859377 0.39454732486979166 0.275462962890625 0.39351851822916667 0.27237654296875 0.39609053515625003 0.27044753076171874 0.40534979427083334 0.272762345703125 0.4094650208333333
0 0.246913580078125 0.35545267513020834 0.2511574072265625 0.3518518515625 0.2511574072265625 0.3410493828125 0.2484567900390625 0.3374485598958334 0.24537037060546876 0.3384773665364584 0.24228395068359376 0.34465020572916666 0.2426697529296875 0.3533950618489583 0.246913580078125 0.35545267513020834
0 0.23032407421875 0.33179012369791666 0.23495370361328125 0.33127572005208333 0.23533950634765624 0.3194444446614583 0.23341049365234376 0.3148148151041667 0.23070987646484375 0.3132716048177083 0.22646604931640624 0.31841563802083334 0.2260802470703125 0.32561728385416666 0.23032407421875 0.33179012369791666
0 0.241512345703125 0.17952674869791665 0.24807098779296874 0.18055555533854165 0.25077160498046874 0.17592592578125 0.2511574072265625 0.17078189322916668 0.2488425927734375 0.16512345703125 0.24498456787109374 0.16460905338541668 0.24112654296875 0.16923868294270836 0.2403549384765625 0.17644032942708332 0.241512345703125 0.17952674869791665
0 0.23109567919921875 0.18415637890625 0.2341820986328125 0.18004115234374998 0.2341820986328125 0.17181069986979167 0.2318672841796875 0.1682098763020833 0.2256944443359375 0.17181069986979167 0.224151234375 0.17695473242187498 0.2256944443359375 0.18467078190104166 0.23109567919921875 0.18415637890625
0 0.3055555556640625 0.162037037109375 0.30748456787109374 0.16460905338541668 0.31288580224609375 0.164094650390625 0.31635802490234377 0.159979423828125 0.3167438271484375 0.15329218098958333 0.31481481494140623 0.14917695442708334 0.3109567900390625 0.14763374479166666 0.30748456787109374 0.15020576106770833 0.3055555556640625 0.15689300390625 0.3055555556640625 0.162037037109375
0 0.3287037036132813 0.16049382747395832 0.33217592578125 0.157921810546875 0.332561728515625 0.15072016471354166 0.32947530859375 0.14454732486979166 0.32291666650390627 0.147119341796875 0.320987654296875 0.15483539062499999 0.323688271484375 0.159979423828125 0.3287037036132813 0.16049382747395832
0 0.3819444443359375 0.17541152278645833 0.38657407421875 0.18004115234374998 0.39158950634765627 0.17746913606770834 0.3931327158203125 0.17541152278645833 0.39274691357421876 0.16718106966145832 0.3908179013671875 0.16358024674479166 0.38695987646484375 0.16255144010416667 0.38271604931640624 0.16718106966145832 0.3819444443359375 0.17541152278645833
0 0.38966049365234373 0.2011316875 0.39274691357421876 0.2011316875 0.39583333349609373 0.1970164609375 0.39583333349609373 0.18930041145833332 0.39274691357421876 0.18518518489583333 0.38734567919921875 0.18724279817708334 0.3846450615234375 0.19290123437499998 0.386188271484375 0.19855967057291668 0.38966049365234373 0.2011316875
0 0.3900462963867187 0.22222222200520833 0.395061728515625 0.22325102864583335 0.3993055556640625 0.217078189453125 0.3993055556640625 0.21141975325520834 0.39737654296875 0.20730452669270835 0.39429012353515625 0.20524691341145831 0.38966049365234373 0.20833333333333334 0.3881172841796875 0.217078189453125 0.3900462963867187 0.22222222200520833
0 0.39197530859375 0.24228395052083332 0.3966049384765625 0.2458847734375 0.40162037060546874 0.2438271608072917 0.4027777778320312 0.24228395052083332 0.40162037060546874 0.23148148177083336 0.397762345703125 0.22839506184895833 0.3935185185546875 0.2304526751302083 0.3908179013671875 0.23713991796875 0.39197530859375 0.24228395052083332
0 0.397762345703125 0.26697530859375 0.40162037060546874 0.26646090559895835 0.40393518505859377 0.26286008203125 0.40393518505859377 0.255144033203125 0.40162037060546874 0.25051440299479166 0.3966049384765625 0.25205761328125004 0.3931327158203125 0.2592592591145833 0.3935185185546875 0.26234567903645833 0.397762345703125 0.26697530859375
0 0.397762345703125 0.2865226334635417 0.40239197509765623 0.28960905338541665 0.4074074072265625 0.28600823046875 0.40702160498046874 0.27469135807291667 0.4047067900390625 0.27160493815104164 0.40123456787109374 0.27109053515625 0.39737654296875 0.2762345677083333 0.3966049384765625 0.2834362141927083 0.397762345703125 0.2865226334635417
0 0.4047067900390625 0.3106995885416667 0.40856481494140623 0.30915637890625 0.41010802490234377 0.306069958984375 0.4104938271484375 0.30041152278645833 0.40817901220703123 0.29475308658854166 0.4035493828125 0.2952674895833333 0.400462962890625 0.30041152278645833 0.400462962890625 0.30761316861979165 0.4047067900390625 0.3106995885416667
0 0.4131944443359375 0.3323045266927083 0.4131944443359375 0.320987654296875 0.4077932099609375 0.31532921809895836 0.4035493828125 0.31995884765625 0.4027777778320312 0.3287037037760417 0.40663580224609375 0.3333333333333333 0.4131944443359375 0.3323045266927083
0 0.4533179013671875 0.3194444446614583 0.45679012353515625 0.32201646093749997 0.46103395068359376 0.3204732513020833 0.4618055556640625 0.3143004114583333 0.460262345703125 0.3055555553385417 0.45679012353515625 0.30246913606770837 0.4533179013671875 0.304012345703125 0.45216049365234373 0.30658436197916666 0.4533179013671875 0.3194444446614583
0 0.45177469140625 0.2973251028645833 0.45679012353515625 0.29835390950520835 0.45987654296875 0.29423868294270833 0.46064814794921877 0.289094650390625 0.457561728515625 0.282921810546875 0.4533179013671875 0.28137860091145833 0.44945987646484375 0.28600823046875 0.44984567919921875 0.29320987630208334 0.45177469140625 0.2973251028645833
0 0.45679012353515625 0.2762345677083333 0.457561728515625 0.2736625514322917 0.45794753076171874 0.269032921875 0.45524691357421876 0.2608024694010417 0.44637345703125 0.2608024694010417 0.4471450615234375 0.2762345677083333 0.4537037036132813 0.27726337434895837 0.45679012353515625 0.2762345677083333
0 0.44637345703125 0.2541152265625 0.4529320986328125 0.2536008229166667 0.45524691357421876 0.24794238671875 0.454861111328125 0.24279835416666665 0.45177469140625 0.23919753059895832 0.445987654296875 0.23868312760416666 0.44367283935546875 0.24176954752604166 0.44405864208984375 0.251028806640625 0.44637345703125 0.2541152265625
0 0.445987654296875 0.23353909440104167 0.45216049365234373 0.23148148177083336 0.451388888671875 0.21759259244791665 0.44984567919921875 0.21553497916666667 0.4417438271484375 0.21553497916666667 0.440586419921875 0.22170781901041667 0.44251543212890626 0.23148148177083336 0.445987654296875 0.23353909440104167
0 0.43788580224609375 0.2067901236979167 0.4402006171875 0.21090534960937501 0.4448302470703125 0.21039094661458335 0.4471450615234375 0.20730452669270835 0.4467592592773437 0.19855967057291668 0.44367283935546875 0.19495884765625002 0.43981481494140623 0.19547325130208335 0.43788580224609375 0.19855967057291668 0.43788580224609375 0.2067901236979167
0 0.44560185205078123 0.18621399153645835 0.44637345703125 0.17849794270833333 0.44405864208984375 0.17181069986979167 0.4347993828125 0.17592592578125 0.4359567900390625 0.18930041145833332 0.442901234375 0.18981481510416667 0.44560185205078123 0.18621399153645835
0 0.43942901220703123 0.16769547330729165 0.44251543212890626 0.16512345703125 0.442901234375 0.15740740755208335 0.440586419921875 0.15123456770833335 0.43364197509765623 0.15380658463541666 0.432098765625 0.16306584375 0.4340277778320312 0.16666666666666666 0.43942901220703123 0.16769547330729165
0 0.6118827158203125 0.29320987630208334 0.616512345703125 0.2952674895833333 0.6199845678710938 0.2926954733072917 0.6211419750976562 0.28960905338541665 0.6199845678710938 0.28189300390625 0.616512345703125 0.2788065846354167 0.6122685185546874 0.28034979427083334 0.6103395063476562 0.2834362141927083 0.6118827158203125 0.29320987630208334
0 0.6103395063476562 0.27211934179687497 0.6149691357421875 0.27263374479166663 0.6180555556640625 0.269032921875 0.6184413579101562 0.2633744856770833 0.61612654296875 0.2582304524739583 0.6130401235351562 0.25668724283854166 0.60802469140625 0.2592592591145833 0.607638888671875 0.26646090559895835 0.6103395063476562 0.27211934179687497
0 0.5644290122070312 0.307098765625 0.568287037109375 0.307098765625 0.5706018520507813 0.3045267486979167 0.5702160493164062 0.2926954733072917 0.568287037109375 0.29012345703125003 0.5640432099609375 0.2906378600260417 0.5605709877929688 0.29681069986979164 0.5613425927734375 0.30349794270833336 0.5644290122070312 0.307098765625
0 0.5597993828125 0.282921810546875 0.5686728393554688 0.282921810546875 0.5694444443359375 0.27572016471354166 0.567901234375 0.269032921875 0.5648148149414063 0.26748971223958334 0.5605709877929688 0.269032921875 0.5578703706054687 0.27469135807291667 0.5597993828125 0.282921810546875
0 0.5555555556640625 0.25051440299479166 0.559413580078125 0.25154320963541665 0.5632716049804688 0.24845679036458335 0.5632716049804688 0.23971193424479167 0.5613425927734375 0.236111111328125 0.5574845678710938 0.236111111328125 0.5543981479492187 0.23868312760416666 0.55362654296875 0.24742798372395833 0.5555555556640625 0.25051440299479166
0 0.559413580078125 0.22736625520833334 0.5590277778320313 0.21759259244791665 0.55362654296875 0.21399176953125 0.551311728515625 0.217078189453125 0.551311728515625 0.227880658203125 0.5551697529296875 0.22993827148437498 0.559413580078125 0.22736625520833334
0 0.6095679013671875 0.24022633723958334 0.61342592578125 0.2350823046875 0.6130401235351562 0.22736625520833334 0.6099537036132813 0.22427983528645834 0.6057098764648438 0.22427983528645834 0.6030092592773437 0.23096707812499997 0.604938271484375 0.23919753059895832 0.6095679013671875 0.24022633723958334
0 0.602237654296875 0.21759259244791665 0.6060956791992187 0.21862139908854164 0.6103395063476562 0.215020576171875 0.61072530859375 0.20833333333333334 0.6087962963867187 0.20421810677083332 0.6060956791992187 0.202160494140625 0.6014660493164062 0.20576131705729164 0.6003086420898438 0.21039094661458335 0.602237654296875 0.21759259244791665
0 0.5976080249023438 0.18415637890625 0.60262345703125 0.18518518489583333 0.6057098764648438 0.18209876562500002 0.6060956791992187 0.17592592578125 0.6030092592773437 0.17026748958333335 0.599151234375 0.16975308658854169 0.5964506171875 0.172839505859375 0.5960648149414063 0.18055555533854165 0.5976080249023438 0.18415637890625
0 0.5952932099609375 0.16358024674479166 0.5999228393554688 0.16358024674479166 0.6037808642578125 0.15843621419270834 0.6041666665039063 0.15432098763020832 0.6018518520507813 0.14917695442708334 0.599151234375 0.14763374479166666 0.5933641977539063 0.15020576106770833 0.5929783950195312 0.1589506171875 0.5952932099609375 0.16358024674479166
0 0.551311728515625 0.19753086393229166 0.5559413579101562 0.19444444466145835 0.5555555556640625 0.18364197526041667 0.554012345703125 0.1815843619791667 0.5489969135742188 0.18261316861979168 0.5462962963867187 0.18878600846354165 0.5470679013671875 0.19495884765625002 0.551311728515625 0.19753086393229166
0 0.5470679013671875 0.17541152278645833 0.55362654296875 0.17335390950520835 0.5532407407226563 0.16100823046874999 0.55092592578125 0.1589506171875 0.545138888671875 0.16049382747395832 0.54282407421875 0.16769547330729165 0.5439814814453126 0.17232510286458333 0.5470679013671875 0.17541152278645833
0 0.5405092592773437 0.14146090559895833 0.5470679013671875 0.14197530859375 0.5493827158203125 0.13888888867187502 0.5493827158203125 0.13065843619791667 0.5474537036132813 0.12602880664062502 0.54282407421875 0.12551440299479166 0.5393518520507813 0.1291152265625 0.5385802470703125 0.13837448567708333 0.5405092592773437 0.14146090559895833
0 0.54552469140625 0.11728395052083333 0.545138888671875 0.10802469140625 0.5393518520507813 0.104938271484375 0.5362654321289062 0.11265432096354167 0.536651234375 0.11779835416666667 0.5405092592773437 0.12139917708333332 0.54552469140625 0.11728395052083333
0 0.5871913579101562 0.10751028776041667 0.5925925927734375 0.10905349804687499 0.5960648149414063 0.10545267513020834 0.5960648149414063 0.09825102864583334 0.5933641977539063 0.09362139908854167 0.5887345678710938 0.09310699609375 0.5864197529296875 0.09567901236979166 0.585262345703125 0.10339506184895834 0.5871913579101562 0.10751028776041667
0 0.5910493828125 0.13065843619791667 0.5956790122070312 0.13168724283854166 0.5987654321289062 0.12602880664062502 0.5983796293945313 0.11934156380208333 0.5960648149414063 0.11471193424479166 0.5918209877929688 0.11471193424479166 0.5891203706054687 0.11882716080729167 0.5891203706054687 0.12705761328125 0.5910493828125 0.13065843619791667
0 0.36612654296875 0.45061728385416666 0.37037037060546874 0.450102880859375 0.37268518505859377 0.4465020572916667 0.3777006171875 0.43467078190104164 0.37461419775390625 0.4305555553385417 0.36998456787109374 0.4305555553385417 0.3649691357421875 0.4356995885416666 0.36342592578125 0.4454732513020833 0.36612654296875 0.45061728385416666
0 0.3734567900390625 0.280864197265625 0.38155864208984375 0.2777777779947917 0.38155864208984375 0.27211934179687497 0.378086419921875 0.26748971223958334 0.3734567900390625 0.269032921875 0.37114197509765623 0.2731481484375 0.3707561728515625 0.27674897135416665 0.3734567900390625 0.280864197265625
0 0.36998456787109374 0.2602880657552083 0.375 0.2592592591145833 0.37731481494140623 0.255144033203125 0.37577160498046874 0.248971193359375 0.37307098779296877 0.2458847734375 0.36882716064453125 0.24948559700520834 0.3676697529296875 0.2541152265625 0.36998456787109374 0.2602880657552083
0 0.371913580078125 0.23868312760416666 0.37538580224609375 0.23559670768229168 0.37538580224609375 0.22736625520833334 0.3734567900390625 0.22325102864583335 0.36612654296875 0.22427983528645834 0.3649691357421875 0.234053498046875 0.36689814794921877 0.23662551432291667 0.371913580078125 0.23868312760416666
0 0.2847222221679688 0.5643004114583333 0.289737654296875 0.5653292180989583 0.29282407421875 0.5612139915364583 0.29320987646484375 0.554012345703125 0.2908950615234375 0.5473251028645834 0.28626543212890626 0.5473251028645834 0.28317901220703123 0.5504115227864583 0.2824074072265625 0.55915637890625 0.2847222221679688 0.5643004114583333
0 0.38734567919921875 0.323045267578125 0.38734567919921875 0.31378600846354165 0.38387345703125 0.31121399153645835 0.378086419921875 0.3148148151041667 0.375 0.325102880859375 0.37692901220703123 0.33179012369791666 0.38734567919921875 0.323045267578125
0 0.3827118056640625 0.30373199609375 0.38320293212890627 0.2905529837239583 0.3774625771484375 0.289787037109375 0.3740181328125 0.2951481484375 0.37631442919921876 0.3035730455729167 0.3827118056640625 0.30373199609375
0 0.3286994599609375 0.3671748971354167 0.32637229931640627 0.355652263671875 0.3223537807617187 0.353354423828125 0.31948341064453123 0.3610133743489583 0.3235019291992188 0.36714043229166665 0.3286994599609375 0.3671748971354167
0 0.33512924365234376 0.30801851822916665 0.33842708349609374 0.3112314817708333 0.34359375 0.311997427734375 0.34359375 0.30204115234375 0.33727893505859374 0.30127520572916666 0.33512924365234376 0.30801851822916665
0 0.3177681328125 0.3140200618489583 0.31833564794921876 0.31352932096354164 0.32637229931640627 0.3150606998697917 0.32637229931640627 0.3058703704427083 0.32177970703125 0.3058703704427083 0.3177681328125 0.3140200618489583
0 0.48136496923828126 0.322719650390625 0.48687847216796876 0.32259310677083336 0.48825385791015624 0.311997427734375 0.4871057099609375 0.3096995885416667 0.4796431328125 0.3112314817708333 0.47906905859375 0.3150606998697917 0.48136496923828126 0.322719650390625
0 0.4849494599609375 0.30287448567708336 0.48423533935546875 0.2905529837239583 0.48136496923828126 0.289787037109375 0.4744764658203125 0.2943822018229167 0.47792091064453124 0.3035730455729167 0.4849494599609375 0.30287448567708336
0 0.4791624228515625 0.269438271484375 0.48193904296875 0.2583863170572917 0.4744764658203125 0.25379115234375 0.4716064814453125 0.259152263671875 0.47390239208984375 0.2691085390625 0.4791624228515625 0.269438271484375
0 0.47723341064453123 0.24800462955729166 0.478494984375 0.23770781901041668 0.4744764658203125 0.233112654296875 0.46931018505859373 0.23694187239583334 0.47045833349609373 0.24843004101562502 0.47723341064453123 0.24800462955729166
0 0.46529166650390624 0.21319958854166665 0.4714463735351562 0.21542592578125 0.47677276220703124 0.20400925911458334 0.4716064814453125 0.20094547330729165 0.467013888671875 0.200180041015625 0.463569830078125 0.20707253059895833 0.46529166650390624 0.21319958854166665
0 0.468874228515625 0.19399228385416667 0.4710324072265625 0.1848621399739583 0.46586574072265624 0.18179886848958335 0.4612735341796875 0.18562808658854166 0.4629957563476563 0.193287037109375 0.468874228515625 0.19399228385416667
0 0.4561068671875 0.1549933125 0.46308719140625 0.161413580078125 0.467587962890625 0.15269547330729166 0.46931018505859373 0.14427109049479167 0.4601253857421875 0.142739197265625 0.4561068671875 0.14580298372395833 0.4561068671875 0.1549933125
0 0.45553317919921876 0.13661213997395832 0.46051504638671875 0.13997993815104168 0.467013888671875 0.12971913606770832 0.4606994599609375 0.12588991796875001 0.45668094140625 0.12818775716145833 0.45266280859375 0.132782921875 0.45553317919921876 0.13661213997395832
0 0.6179888115234375 0.370969650390625 0.6185625 0.3878189303385417 0.625767361328125 0.3903230455729167 0.6225810185546875 0.37020370377604167 0.6179888115234375 0.370969650390625
0 0.5973229165039062 0.37556481510416667 0.5904344135742188 0.3793945475260417 0.5938784721679687 0.39854115234375004 0.601976080078125 0.39632458854166663 0.5973229165039062 0.37556481510416667
0 0.576255787109375 0.40318312760416664 0.5783792436523437 0.39777520572916664 0.573787037109375 0.383223765625 0.5646022377929687 0.38552160481770836 0.5663244599609375 0.40466820963541666 0.576255787109375 0.40318312760416664
0 0.546806712890625 0.3878189303385417 0.5393441357421875 0.393180041015625 0.5433622685546875 0.410795267578125 0.5511786264648437 0.40832716080729164 0.546806712890625 0.3878189303385417
0 0.524418595703125 0.3947119342447916 0.5158082563476563 0.395477880859375 0.5181041665039062 0.417688271484375 0.528673611328125 0.4160432096354167 0.524418595703125 0.3947119342447916
0 0.5003086420898437 0.40237037044270835 0.49169791650390626 0.403902263671875 0.49284606494140626 0.42228343619791664 0.5016674384765625 0.4186152265625 0.5003086420898437 0.40237037044270835
0 0.4710324072265625 0.403902263671875 0.463569830078125 0.403902263671875 0.467013888671875 0.42917644010416667 0.4778761572265625 0.425473765625 0.4710324072265625 0.403902263671875
0 0.4480702158203125 0.4092633743489584 0.442329861328125 0.4146244856770833 0.44405208349609376 0.433005658203125 0.45344212939453127 0.4323328190104167 0.4480702158203125 0.4092633743489584
0 0.59773842578125 0.6595159466145833 0.6064772377929688 0.6569552467447917 0.6063491513671875 0.644964505859375 0.6011828706054687 0.644964505859375 0.5937199072265625 0.6457304524739583 0.5902758486328125 0.65262345703125 0.59773842578125 0.6595159466145833
0 0.56018094140625 0.6663863170572917 0.5615733022460937 0.6579845677083334 0.556407021484375 0.6549207819010416 0.5477962963867188 0.6579845677083334 0.5477962963867188 0.6694722220052083 0.56018094140625 0.6663863170572917
0 0.6287368828125 0.7016388886718751 0.627588734375 0.7100637858072917 0.6366983022460937 0.7118251028645833 0.6361994599609375 0.6993415638020833 0.6287368828125 0.7016388886718751
0 0.49900192919921876 0.786651234375 0.489817515625 0.8027345677083333 0.5007241513671875 0.8057978391927083 0.5053167436523438 0.7927782923177084 0.49900192919921876 0.786651234375
0 0.48649691357421876 0.7422839505208333 0.491512345703125 0.7412551438802083 0.494212962890625 0.7366255143229167 0.494212962890625 0.7299382714843751 0.491512345703125 0.7247942389322916 0.48804012353515625 0.7242798352864583 0.48341049365234373 0.7304526751302083 0.48341049365234373 0.7386831276041667 0.48649691357421876 0.7422839505208333
0 0.5675154321289062 0.7232510286458332 0.5725308642578125 0.7232510286458332 0.57677469140625 0.7170781894531251 0.576388888671875 0.70987654296875 0.573688271484375 0.7057613170572917 0.5690586420898438 0.7062757200520834 0.5648148149414063 0.7103909466145834 0.5652006171875 0.7201646093749999 0.5675154321289062 0.7232510286458332
0 0.5505401235351562 0.7263374485677083 0.5551697529296875 0.7273662552083334 0.5597993828125 0.7222222220052084 0.559413580078125 0.71399176953125 0.5574845678710938 0.7103909466145834 0.5516975307617188 0.70987654296875 0.54822530859375 0.7134773665364583 0.5470679013671875 0.7175925924479167 0.5505401235351562 0.7263374485677083
0 0.5574845678710938 0.7484567903645832 0.5617283950195312 0.7443415638020833 0.5621141977539063 0.7417695475260416 0.5609567900390625 0.7314814817708334 0.554012345703125 0.7325102877604167 0.5520833334960937 0.7345679010416667 0.5516975307617188 0.7412551438802083 0.5532407407226563 0.7463991770833333 0.5574845678710938 0.7484567903645832
0 0.537037037109375 0.75205761328125 0.54012345703125 0.7541152265625 0.5459104936523438 0.7484567903645832 0.54552469140625 0.7376543209635417 0.5435956791992187 0.7350823046875 0.539737654296875 0.7350823046875 0.5354938271484375 0.7386831276041667 0.534336419921875 0.7453703704427084 0.537037037109375 0.75205761328125
0 0.51967592578125 0.7572016458333333 0.528163580078125 0.7561728391927084 0.5304783950195312 0.7510288066406251 0.5304783950195312 0.7422839505208333 0.5262345678710938 0.7381687239583333 0.5212191357421875 0.7391975305989583 0.517361111328125 0.7443415638020833 0.51697530859375 0.7489711933593749 0.51967592578125 0.7572016458333333
0 0.49961419775390625 0.7582304524739584 0.5019290122070312 0.763888888671875 0.5119598764648438 0.7623456790364583 0.5146604936523438 0.7561728391927084 0.5150462963867187 0.74794238671875 0.51427469140625 0.7417695475260416 0.5127314814453126 0.7402263372395833 0.5042438271484375 0.7407407408854166 0.5 0.7448559667968749 0.49961419775390625 0.7582304524739584
0 0.5447488427734375 0.7263996914062499 0.54090779296875 0.7169567903645833 0.534018904296875 0.7154248971354167 0.530574845703125 0.7238492799479167 0.534592978515625 0.729210390625 0.5414818671875 0.73150823046875 0.5447488427734375 0.7263996914062499
0 0.5007241513671875 0.72308384765625 0.49842785498046877 0.7330401236979167 0.5074544750976563 0.7332587447916666 0.508186728515625 0.7200200618489583 0.5007241513671875 0.72308384765625
0 0.288900462890625 0.5254881686197916 0.27914158935546873 0.5254881686197916 0.27799344140625 0.5385077161458333 0.2814378857421875 0.5423374485677083 0.2907619599609375 0.5395 0.288900462890625 0.5254881686197916
0 0.29912114208984375 0.6089444446614584 0.299807484375 0.5936507200520833 0.2957889658203125 0.5913533951822917 0.288900462890625 0.59518261328125 0.29177083349609373 0.60896862109375 0.29912114208984375 0.6089444446614584
0 0.2957889658203125 0.5653137858072916 0.2854560185546875 0.5706748971354166 0.2860300927734375 0.5790992799479167 0.28775231494140624 0.5852263372395833 0.2965489970703125 0.5866538066406249 0.2957889658203125 0.5653137858072916
0 0.2814378857421875 0.5208930039062499 0.2862611884765625 0.521495884765625 0.28775231494140624 0.510936728515625 0.2825860341796875 0.5055756171875 0.27627160498046877 0.5048096705729167 0.27512345703125 0.5132340533854166 0.27684529296875 0.519361111328125 0.2814378857421875 0.5208930039062499
0 0.23149575634765626 0.596714505859375 0.2217368828125 0.596714505859375 0.22403317919921875 0.60896862109375 0.23482060205078126 0.606372427734375 0.23149575634765626 0.596714505859375
0 0.23092168212890626 0.5630159466145833 0.22001466064453126 0.5630159466145833 0.22288503076171876 0.57756738671875 0.2316057099609375 0.5746507200520833 0.23092168212890626 0.5630159466145833
0 0.21542245361328125 0.5461666666666667 0.2258186728515625 0.54550154296875 0.23149575634765626 0.5385077161458333 0.2280513115234375 0.5308492799479166 0.22231095703125 0.5331466048177084 0.2142743056640625 0.534678498046875 0.21542245361328125 0.5461666666666667
0 0.4653368056640625 0.7668431067708333 0.461318287109375 0.76148199609375 0.4567256943359375 0.7637798352864583 0.45557793212890624 0.7745020572916667 0.4641886572265625 0.7760334361979168 0.4653368056640625 0.7668431067708333
0 0.30134760791015625 0.6326815846354167 0.29216280859375 0.6388086419270833 0.29331057080078127 0.6556579218749999 0.30426080224609375 0.6482731484375001 0.30134760791015625 0.6326815846354167
0 0.3943433642578125 0.8409994856770834 0.3782700615234375 0.8440627571614584 0.38401041650390627 0.8593801438802083 0.39813966064453127 0.8557489713541666 0.3943433642578125 0.8409994856770834
0 0.39663966064453127 0.8256815846354167 0.3794182099609375 0.8272134772135417 0.3817141206054688 0.8394675924479166 0.3942816357421875 0.8368873457031251 0.39663966064453127 0.8256815846354167