0 0.28626543212890626 0.24537037044270835 0.2905092592773437 0.23765432096354167 0.2908950615234375 0.22890946484375 0.2839506171875 0.22016460937500001 0.27623456787109374 0.22119341536458334 0.2712191357421875 0.227880658203125 0.2719907407226563 0.24022633723958334 0.27739197509765623 0.246913580078125 0.2827932099609375 0.24742798372395833 0.28626543212890626 0.24537037044270835
0 0.349537037109375 0.7206790123697916 0.35185185205078123 0.7093621399739584 0.34837962939453126 0.700102880859375 0.34182098779296877 0.6970164609374999 0.337962962890625 0.6975308639322916 0.33487654296875 0.7006172838541667 0.33294753076171874 0.7067901236979166 0.332561728515625 0.7165637858072916 0.33757716064453125 0.7237654322916667 0.3452932099609375 0.7247942389322916 0.349537037109375 0.7206790123697916
0 0.28626543212890626 0.24794238671875 0.29166666650390627 0.23251028776041668 0.29012345703125 0.22427983528645834 0.2839506171875 0.2196502057291667 0.27932098779296877 0.2196502057291667 0.2743055556640625 0.22273662565104166 0.2716049384765625 0.22736625520833334 0.27083333349609373 0.234053498046875 0.27507716064453125 0.24434156380208336 0.27893518505859377 0.24794238671875 0.28626543212890626 0.24794238671875
0 0.29475308642578124 0.33281893033854165 0.29899691357421876 0.32921810677083335 0.30169753076171874 0.316872427734375 0.29783950634765627 0.307098765625 0.29320987646484375 0.3045267486979167 0.28742283935546875 0.30504115234375 0.2827932099609375 0.30658436197916666 0.28086419775390625 0.3106995885416667 0.28047839501953126 0.32201646093749997 0.2827932099609375 0.32921810677083335 0.28935185205078123 0.3333333333333333 0.29475308642578124 0.33281893033854165
0 0.2997685185546875 0.37654320963541665 0.30439814794921877 0.369855966796875 0.307098765625 0.359053498046875 0.3024691357421875 0.35082304557291666 0.2966820986328125 0.34722222200520836 0.289737654296875 0.34927983528645834 0.28626543212890626 0.355967078125 0.28587962939453126 0.36831275716145834 0.289737654296875 0.37345679036458335 0.2962962963867187 0.37757201627604164 0.2997685185546875 0.37654320963541665
0 0.2943672841796875 0.2839506171875 0.2970679013671875 0.27160493815104164 0.2912808642578125 0.26286008203125 0.2827932099609375 0.2608024694010417 0.27662037060546874 0.26851851822916667 0.275462962890625 0.279835390625 0.28047839501953126 0.28858024674479166 0.28742283935546875 0.2906378600260417 0.2943672841796875 0.2839506171875
0 0.34413580224609375 0.6784979427083333 0.3464506171875 0.6682098763020834 0.3449074072265625 0.6615226334635417 0.34182098779296877 0.65689300390625 0.33179012353515625 0.6558641972656251 0.3275462963867187 0.6625514401041667 0.32716049365234373 0.6712962962239583 0.33024691357421876 0.679012345703125 0.338348765625 0.6826131686197917 0.34413580224609375 0.6784979427083333
0 0.7824074072265625 0.5761316875 0.7878086420898438 0.567901234375 0.7878086420898438 0.557098765625 0.7835648149414063 0.549897119140625 0.7793209877929688 0.5473251028645834 0.77237654296875 0.5468106998697917 0.767361111328125 0.5565843619791667 0.7677469135742188 0.5715020572916667 0.7708333334960937 0.5766460904947917 0.7762345678710938 0.5781893001302083 0.7824074072265625 0.5761316875
0 0.786651234375 0.6193415638020833 0.7939814814453126 0.6095679010416667 0.7935956791992187 0.6003086419270833 0.7862654321289062 0.592078189453125 0.7800925927734375 0.5915637858072916 0.7739197529296875 0.5997942389322917 0.7743055556640625 0.6152263372395833 0.778163580078125 0.6193415638020833 0.7820216049804688 0.6208847734374999 0.786651234375 0.6193415638020833
0 0.7808641977539063 0.5267489713541667 0.7816358022460937 0.5154320989583333 0.7773919750976562 0.5066872428385417 0.7743055556640625 0.5051440332031251 0.7685185185546874 0.5061728391927084 0.7646604936523438 0.5097736627604167 0.7635030864257812 0.513888888671875 0.7631172841796875 0.5241769544270833 0.7665895063476562 0.532921810546875 0.7731481479492187 0.5344650208333334 0.7808641977539063 0.5267489713541667
0 0.7453703706054687 0.26183127604166667 0.7449845678710938 0.2546296295572917 0.7418981479492187 0.24948559700520834 0.7376543208007813 0.246913580078125 0.73032407421875 0.24845679036458335 0.7260802470703125 0.255144033203125 0.7264660493164062 0.26491769531250003 0.7337962963867187 0.27417695442708334 0.7399691357421875 0.27263374479166663 0.7453703706054687 0.26183127604166667
0 0.7515432099609375 0.30658436197916666 0.75 0.29578189322916665 0.7449845678710938 0.28960905338541665 0.7376543208007813 0.2906378600260417 0.732638888671875 0.2962962962239583 0.73302469140625 0.3101851848958333 0.7376543208007813 0.317901234375 0.7453703706054687 0.31738683138020835 0.7515432099609375 0.30658436197916666
0 0.7496141977539063 0.359053498046875 0.755401234375 0.35545267513020834 0.7573302470703125 0.342078189453125 0.7546296293945313 0.33487654296874997 0.744212962890625 0.33127572005208333 0.7403549384765625 0.333847736328125 0.738811728515625 0.3374485598958334 0.738811728515625 0.3487654322916667 0.74112654296875 0.35648148177083333 0.744212962890625 0.359053498046875 0.7496141977539063 0.359053498046875
0 0.7334104936523438 0.22890946484375 0.738811728515625 0.22016460937500001 0.73842592578125 0.21193415625 0.73032407421875 0.20318930013020833 0.7260802470703125 0.20267489713541667 0.7202932099609375 0.21039094661458335 0.7191358022460937 0.215020576171875 0.7199074072265625 0.22273662565104166 0.727237654296875 0.23148148177083336 0.7334104936523438 0.22890946484375
0 0.7314814814453126 0.18209876562500002 0.7322530864257812 0.17129629622395834 0.727237654296875 0.16358024674479166 0.7199074072265625 0.16255144010416667 0.7168209877929688 0.16460905338541668 0.713348765625 0.17078189322916668 0.7141203706054687 0.17952674869791665 0.7202932099609375 0.18827160481770833 0.7268518520507813 0.18724279817708334 0.7314814814453126 0.18209876562500002
0 0.80362654296875 0.7011316875000001 0.8047839506835938 0.6893004114583333 0.80362654296875 0.6851851848958334 0.8005401235351562 0.682098765625 0.7970679013671875 0.6800411523437501 0.79282407421875 0.6805555553385417 0.789737654296875 0.682098765625 0.7862654321289062 0.6882716048177083 0.7862654321289062 0.700102880859375 0.7885802470703125 0.7057613170572917 0.79822530859375 0.7062757200520834 0.80362654296875 0.7011316875000001
0 0.8109567900390625 0.7386831276041667 0.8105709877929688 0.730967078125 0.8043981479492187 0.7237654322916667 0.7959104936523438 0.7247942389322916 0.7932098764648438 0.7273662552083334 0.7912808642578125 0.7350823046875 0.79282407421875 0.7443415638020833 0.7978395063476562 0.75 0.807098765625 0.74794238671875 0.8109567900390625 0.7386831276041667
0 0.7997685185546874 0.6496913580729167 0.798611111328125 0.643004115234375 0.7932098764648438 0.6363168723958333 0.7847222221679687 0.63786008203125 0.7800925927734375 0.6476337447916667 0.7816358022460937 0.657921810546875 0.789737654296875 0.6646090533854166 0.7974537036132813 0.657921810546875 0.7997685185546874 0.6496913580729167
0 0.6500771606445312 0.30504115234375 0.650848765625 0.299897119140625 0.6481481479492187 0.29372427994791667 0.6435185185546874 0.29320987630208334 0.6396604936523438 0.2973251028645833 0.63927469140625 0.301954732421875 0.6412037036132813 0.307098765625 0.6454475307617188 0.308127572265625 0.6500771606445312 0.30504115234375
0 0.621913580078125 0.20833333333333334 0.619598765625 0.20318930013020833 0.6153549384765625 0.202160494140625 0.6114969135742188 0.20576131705729164 0.6126543208007813 0.217078189453125 0.61612654296875 0.21862139908854164 0.6211419750976562 0.21450617252604165 0.621913580078125 0.20833333333333334
0 0.5729166665039063 0.162037037109375 0.5752314814453126 0.157921810546875 0.5748456791992187 0.14969135807291667 0.5717592592773437 0.147119341796875 0.5671296293945313 0.14969135807291667 0.5663580249023438 0.157921810546875 0.5675154321289062 0.16049382747395832 0.570987654296875 0.16306584375 0.5729166665039063 0.162037037109375
0 0.5902777778320313 0.157921810546875 0.5914351850585937 0.15432098763020832 0.590663580078125 0.14506172851562502 0.587962962890625 0.143004115234375 0.5833333334960937 0.14557613151041668 0.582561728515625 0.15123456770833335 0.5841049384765625 0.15689300390625 0.5868055556640625 0.1589506171875 0.5902777778320313 0.157921810546875
0 0.5601851850585937 0.15740740755208335 0.5582561728515625 0.15072016471354166 0.55362654296875 0.15020576106770833 0.5497685185546874 0.15432098763020832 0.5493827158203125 0.15843621419270834 0.5524691357421875 0.166152263671875 0.5586419750976562 0.16460905338541668 0.5601851850585937 0.15740740755208335
0 0.5432098764648438 0.16718106966145832 0.5439814814453126 0.16049382747395832 0.5420524692382812 0.15534979427083334 0.5362654321289062 0.15432098763020832 0.5339506171875 0.15740740755208335 0.5339506171875 0.16460905338541668 0.5362654321289062 0.1682098763020833 0.5408950615234375 0.16923868294270836 0.5432098764648438 0.16718106966145832
0 0.426311728515625 0.227880658203125 0.4282407407226563 0.22119341536458334 0.4274691357421875 0.21553497916666667 0.42322530859375 0.21193415625 0.41820987646484375 0.212962962890625 0.41512345703125 0.21913580273437502 0.414737654296875 0.22427983528645834 0.41666666650390627 0.22890946484375 0.4216820986328125 0.23148148177083336 0.426311728515625 0.227880658203125
0 0.395061728515625 0.19238683138020832 0.39814814794921877 0.18621399153645835 0.39737654296875 0.17952674869791665 0.3931327158203125 0.17695473242187498 0.38734567919921875 0.18004115234374998 0.38657407421875 0.18569958854166668 0.38850308642578124 0.191872427734375 0.3904320986328125 0.19393004101562503 0.395061728515625 0.19238683138020832
0 0.39274691357421876 0.16975308658854169 0.39429012353515625 0.16100823046874999 0.39197530859375 0.15689300390625 0.3877314814453125 0.155864197265625 0.38387345703125 0.1589506171875 0.383487654296875 0.16460905338541668 0.386188271484375 0.17129629622395834 0.3904320986328125 0.17181069986979167 0.39274691357421876 0.16975308658854169
0 0.3449074072265625 0.18209876562500002 0.34375 0.16769547330729165 0.33757716064453125 0.16666666666666666 0.3341049384765625 0.1687242799479167 0.3337191357421875 0.1779835390625 0.335262345703125 0.18364197526041667 0.33989197509765623 0.18518518489583333 0.3449074072265625 0.18209876562500002
0 0.34606481494140623 0.20473251041666665 0.34837962939453126 0.200102880859375 0.3472222221679688 0.19032921809895834 0.3422067900390625 0.18775720182291666 0.33719135791015625 0.19032921809895834 0.3368055556640625 0.19804526757812502 0.33912037060546874 0.20421810677083332 0.3410493828125 0.20576131705729164 0.34606481494140623 0.20473251041666665
0 0.32330246923828126 0.40689300390625 0.32445987646484375 0.3976337447916667 0.3225308642578125 0.394032921875 0.31712962939453126 0.39248971223958334 0.31211419775390625 0.3966049381510417 0.3113425927734375 0.40277777799479164 0.3136574072265625 0.4094650208333333 0.317901234375 0.40997942382812497 0.32330246923828126 0.40689300390625
0 0.3402777778320312 0.40072016471354166 0.3402777778320312 0.394032921875 0.33719135791015625 0.38940329231770837 0.33217592578125 0.38888888867187504 0.32947530859375 0.393004115234375 0.32908950634765627 0.39969135807291667 0.3310185185546875 0.404835390625 0.3368055556640625 0.40432098763020835 0.3402777778320312 0.40072016471354166
0 0.3568672841796875 0.394032921875 0.35532407421875 0.38786008203125005 0.35262345703125 0.38477366276041663 0.346836419921875 0.38786008203125005 0.346836419921875 0.39969135807291667 0.34837962939453126 0.4012345677083333 0.35416666650390627 0.40020576106770833 0.3568672841796875 0.394032921875
0 0.3715277778320312 0.3822016458333333 0.3653549384765625 0.38168724283854166 0.361111111328125 0.38477366276041663 0.36265432080078125 0.397119341796875 0.36998456787109374 0.397119341796875 0.3734567900390625 0.394032921875 0.3715277778320312 0.3822016458333333
0 0.388888888671875 0.39043209895833336 0.38927469140625 0.3832304524739583 0.3877314814453125 0.3796296295572917 0.383487654296875 0.37705761328125 0.37885802490234377 0.38117283919270833 0.378086419921875 0.38786008203125005 0.38001543212890626 0.393004115234375 0.3842592592773437 0.39351851822916667 0.388888888671875 0.39043209895833336
0 0.40547839501953126 0.38374485611979164 0.40393518505859377 0.375 0.39853395068359376 0.37345679036458335 0.39583333349609373 0.37654320963541665 0.39583333349609373 0.38786008203125005 0.3969907407226563 0.38940329231770837 0.403163580078125 0.38786008203125005 0.40547839501953126 0.38374485611979164
0 0.42283950634765627 0.3796296295572917 0.4220679013671875 0.37294238671875 0.41859567919921875 0.36934156380208333 0.41435185205078123 0.369855966796875 0.41126543212890626 0.37345679036458335 0.41087962939453126 0.38168724283854166 0.4135802470703125 0.3863168723958333 0.42052469140625 0.3842592591145833 0.42283950634765627 0.3796296295572917
0 0.43711419775390625 0.38065843619791667 0.43788580224609375 0.37191358007812503 0.43518518505859377 0.36625514388020836 0.431712962890625 0.3657407408854167 0.4274691357421875 0.3703703704427083 0.42708333349609373 0.375 0.429012345703125 0.38117283919270833 0.43248456787109374 0.38271604947916665 0.43711419775390625 0.38065843619791667
0 0.454861111328125 0.37345679036458335 0.454861111328125 0.36728395052083335 0.45216049365234373 0.3626543209635417 0.4475308642578125 0.3616255143229166 0.44405864208984375 0.3657407408854167 0.443287037109375 0.37242798372395836 0.44560185205078123 0.37808641992187497 0.44984567919921875 0.37808641992187497 0.454861111328125 0.37345679036458335
0 0.4702932099609375 0.37139917708333336 0.471836419921875 0.36522633723958337 0.46875 0.35853909440104165 0.462962962890625 0.35802469140625 0.460262345703125 0.36213991796874995 0.45987654296875 0.36934156380208333 0.46219135791015625 0.37345679036458335 0.46682098779296877 0.373971193359375 0.4702932099609375 0.37139917708333336
0 0.4868827158203125 0.3667695475260417 0.4872685185546875 0.36111111132812496 0.4849537036132813 0.35545267513020834 0.48032407421875 0.35390946484374997 0.47685185205078123 0.35751028776041666 0.47646604931640624 0.3657407408854167 0.47916666650390627 0.369855966796875 0.4837962963867187 0.369855966796875 0.4868827158203125 0.3667695475260417
0 0.5023148149414063 0.3641975305989584 0.5042438271484375 0.35956790104166664 0.5027006171875 0.3518518515625 0.49922839501953126 0.34979423893229167 0.494212962890625 0.3518518515625 0.4930555556640625 0.36111111132812496 0.494598765625 0.36625514388020836 0.4984567900390625 0.3667695475260417 0.5023148149414063 0.3641975305989584
0 0.5119598764648438 0.42901234570312496 0.5123456791992187 0.4207818932291667 0.5108024692382812 0.4176954733072917 0.505787037109375 0.41718106966145835 0.5027006171875 0.4207818932291667 0.5023148149414063 0.4264403294270833 0.5038580249023438 0.431069958984375 0.5092592592773437 0.43158436197916666 0.5119598764648438 0.42901234570312496
0 0.49228395068359376 0.4377572018229167 0.49614197509765623 0.42901234570312496 0.49537037060546874 0.42335390950520835 0.49228395068359376 0.4202674895833333 0.486111111328125 0.42335390950520835 0.48533950634765627 0.4295267486979167 0.4868827158203125 0.4351851848958333 0.4903549384765625 0.4382716048177084 0.49228395068359376 0.4377572018229167
0 0.47955246923828126 0.43261316861979165 0.4783950615234375 0.424897119140625 0.47376543212890626 0.422839505859375 0.4699074072265625 0.4264403294270833 0.4699074072265625 0.4367283951822916 0.47337962939453126 0.4398148151041667 0.477237654296875 0.4382716048177084 0.47955246923828126 0.43261316861979165
0 0.463348765625 0.44032921809895836 0.463348765625 0.42901234570312496 0.4594907407226563 0.426954732421875 0.4529320986328125 0.43004115234375 0.4529320986328125 0.44238683138020835 0.4556327158203125 0.44495884765625 0.4618055556640625 0.442901234375 0.463348765625 0.44032921809895836
0 0.44521604931640624 0.44598765429687504 0.4467592592773437 0.4377572018229167 0.44405864208984375 0.43158436197916666 0.43981481494140623 0.43158436197916666 0.4363425927734375 0.4356995885416666 0.4359567900390625 0.44135802473958335 0.4390432099609375 0.4475308639322917 0.44251543212890626 0.448045267578125 0.44521604931640624 0.44598765429687504
0 0.42862654296875 0.452160494140625 0.43094135791015625 0.4465020572916667 0.4301697529296875 0.4387860084635417 0.4247685185546875 0.4356995885416666 0.420138888671875 0.4393004114583334 0.420138888671875 0.4454732513020833 0.4220679013671875 0.44958847721354167 0.42515432080078125 0.45370370377604163 0.42862654296875 0.452160494140625
0 0.4131944443359375 0.45267489713541664 0.41396604931640624 0.44495884765625 0.411651234375 0.4398148151041667 0.40625 0.4398148151041667 0.403163580078125 0.443930041015625 0.403163580078125 0.44958847721354167 0.4050925927734375 0.4542181067708333 0.4077932099609375 0.45576131705729167 0.4131944443359375 0.45267489713541664
0 0.39814814794921877 0.45679012369791666 0.39737654296875 0.4444444446614583 0.3900462963867187 0.44341563802083334 0.38695987646484375 0.4470164609375 0.386188271484375 0.45627572005208333 0.3877314814453125 0.45987654296874997 0.392361111328125 0.4603909466145833 0.39814814794921877 0.45679012369791666
0 0.380787037109375 0.4603909466145833 0.380401234375 0.448045267578125 0.378086419921875 0.4465020572916667 0.3734567900390625 0.4475308639322917 0.37037037060546874 0.45267489713541664 0.371913580078125 0.4624485598958334 0.3765432099609375 0.4665637858072917 0.3777006171875 0.4655349791666667 0.380787037109375 0.4603909466145833
0 0.36419753076171874 0.4634773665364584 0.3649691357421875 0.45524691341145834 0.36265432080078125 0.45164609049479165 0.3568672841796875 0.45267489713541664 0.35455246923828126 0.45576131705729167 0.35455246923828126 0.4624485598958334 0.35802469140625 0.467078189453125 0.36072530859375 0.467078189453125 0.36419753076171874 0.4634773665364584
0 0.3479938271484375 0.47067901236979165 0.34760802490234377 0.4573045266927083 0.34182098779296877 0.45524691341145834 0.337962962890625 0.4603909466145833 0.33757716064453125 0.4634773665364584 0.340663580078125 0.4717078190104167 0.34567901220703123 0.4727366256510417 0.3479938271484375 0.47067901236979165
0 0.33140432080078125 0.47479423893229167 0.33294753076171874 0.4660493828125 0.3306327158203125 0.45987654296874997 0.32407407421875 0.458847736328125 0.3194444443359375 0.46399176953125004 0.32021604931640624 0.46965020572916666 0.32407407421875 0.47582304557291666 0.3283179013671875 0.4773662552083333 0.33140432080078125 0.47479423893229167
0 0.5362654321289062 0.352880658203125 0.5347222221679687 0.345164609375 0.5293209877929688 0.344135802734375 0.5266203706054687 0.34722222200520836 0.5273919750976562 0.35751028776041666 0.5308641977539063 0.359053498046875 0.5347222221679687 0.35648148177083333 0.5362654321289062 0.352880658203125
0 0.5335648149414063 0.32921810677083335 0.5324074072265625 0.3235596705729167 0.5293209877929688 0.32150205729166664 0.5231481479492187 0.32716049414062504 0.5243055556640625 0.3353909466145833 0.5289351850585937 0.3374485598958334 0.5320216049804688 0.3353909466145833 0.5335648149414063 0.32921810677083335
0 0.5285493828125 0.3132716048177083 0.5300925927734375 0.30864197526041665 0.5289351850585937 0.3014403294270833 0.525462962890625 0.30041152278645833 0.5208333334960937 0.30504115234375 0.5204475307617188 0.3106995885416667 0.5219907407226563 0.31532921809895836 0.5262345678710938 0.31584362109375 0.5285493828125 0.3132716048177083
0 0.5127314814453126 0.316872427734375 0.51427469140625 0.3106995885416667 0.5119598764648438 0.30504115234375 0.508487654296875 0.30298353906250003 0.5042438271484375 0.30658436197916666 0.5034722221679687 0.3132716048177083 0.5050154321289062 0.31841563802083334 0.508487654296875 0.3204732513020833 0.5127314814453126 0.316872427734375
0 0.5929783950195312 0.38117283919270833 0.59375 0.37294238671875 0.5918209877929688 0.369855966796875 0.5868055556640625 0.3703703704427083 0.5844907407226563 0.37345679036458335 0.5837191357421875 0.37654320963541665 0.5856481479492187 0.38271604947916665 0.588348765625 0.38477366276041663 0.5929783950195312 0.38117283919270833
0 0.6014660493164062 0.432098765625 0.5987654321289062 0.4274691360677083 0.5952932099609375 0.4274691360677083 0.590663580078125 0.43415637890625 0.5918209877929688 0.4454732513020833 0.5956790122070312 0.4465020572916667 0.6006944443359375 0.441872427734375 0.6014660493164062 0.432098765625
0 0.6230709877929688 0.4485596705729167 0.6242283950195312 0.4387860084635417 0.6222993828125 0.4351851848958333 0.61612654296875 0.4356995885416666 0.6141975307617188 0.4398148151041667 0.6141975307617188 0.44598765429687504 0.61612654296875 0.44958847721354167 0.6203703706054687 0.45061728385416666 0.6230709877929688 0.4485596705729167
0 0.6493055556640625 0.4444444446614583 0.6489197529296875 0.4377572018229167 0.6442901235351562 0.43467078190104164 0.6396604936523438 0.4377572018229167 0.6404320986328125 0.44907407421875 0.6435185185546874 0.4511316875 0.6462191357421875 0.450102880859375 0.6493055556640625 0.4444444446614583
0 0.64467592578125 0.43415637890625 0.6481481479492187 0.4274691360677083 0.64737654296875 0.4218106998697917 0.6442901235351562 0.41923868294270833 0.6408179013671875 0.41923868294270833 0.6381172841796875 0.4218106998697917 0.6369598764648438 0.4238683125 0.6377314814453126 0.431069958984375 0.6404320986328125 0.4351851848958333 0.64467592578125 0.43415637890625
0 0.6454475307617188 0.41203703710937495 0.6462191357421875 0.4032921809895833 0.6442901235351562 0.40020576106770833 0.6400462963867187 0.39969135807291667 0.6369598764648438 0.40380658463541663 0.6369598764648438 0.41100823046874996 0.6385030864257812 0.41306584375000005 0.6431327158203125 0.41409465039062504 0.6454475307617188 0.41203703710937495
0 0.6709104936523438 0.4012345677083333 0.6682098764648438 0.39351851822916667 0.6635802470703125 0.393004115234375 0.6601080249023438 0.3976337447916667 0.6604938271484375 0.405864197265625 0.6628086420898438 0.4089506171875 0.66782407421875 0.4074074075520833 0.6709104936523438 0.4012345677083333
0 0.6882716049804688 0.4511316875 0.6875 0.4454732513020833 0.682098765625 0.442901234375 0.6793981479492187 0.44598765429687504 0.6793981479492187 0.4542181067708333 0.681712962890625 0.45679012369791666 0.6863425927734375 0.45627572005208333 0.6882716049804688 0.4511316875
0 0.6871141977539063 0.4783950618489583 0.6859567900390625 0.47222222200520836 0.6813271606445312 0.47067901236979165 0.67862654296875 0.47479423893229167 0.6797839506835938 0.48559670768229163 0.681712962890625 0.48713991796874995 0.6851851850585937 0.48559670768229163 0.6871141977539063 0.4783950618489583
0 0.753086419921875 0.4387860084635417 0.7538580249023438 0.43158436197916666 0.7519290122070312 0.4279835390625 0.7480709877929688 0.4274691360677083 0.7449845678710938 0.432098765625 0.744598765625 0.4377572018229167 0.7461419750976562 0.44238683138020835 0.7492283950195312 0.442901234375 0.753086419921875 0.4387860084635417
0 0.75 0.404835390625 0.7496141977539063 0.397119341796875 0.7453703706054687 0.394032921875 0.7403549384765625 0.39609053515625003 0.74112654296875 0.4084362141927083 0.7434413579101562 0.40997942382812497 0.7480709877929688 0.4089506171875 0.75 0.404835390625
0 0.7260802470703125 0.13734567903645833 0.7253086420898438 0.12705761328125 0.7199074072265625 0.11985596679687499 0.7121913579101562 0.1208847734375 0.707561728515625 0.12757201627604167 0.7079475307617188 0.13940329231770834 0.712962962890625 0.14557613151041668 0.7202932099609375 0.14506172851562502 0.7260802470703125 0.13734567903645833
0 0.6091820986328125 0.20987654296875 0.6084104936523438 0.20781893033854168 0.6057098764648438 0.20524691341145831 0.6006944443359375 0.20730452669270835 0.5999228393554688 0.217078189453125 0.602237654296875 0.22016460937500001 0.6068672841796875 0.21862139908854164 0.6091820986328125 0.20987654296875
0 0.6682098764648438 0.15534979427083334 0.6666666665039063 0.15123456770833335 0.66512345703125 0.14969135807291667 0.6574074072265625 0.15072016471354166 0.6570216049804688 0.16100823046874999 0.6608796293945313 0.164094650390625 0.66512345703125 0.16306584375 0.6682098764648438 0.15534979427083334
0 0.664737654296875 0.13734567903645833 0.6635802470703125 0.12962962955729165 0.6601080249023438 0.12705761328125 0.6554783950195312 0.12860082291666666 0.65625 0.1399176953125 0.6577932099609375 0.14197530859375 0.662037037109375 0.14197530859375 0.664737654296875 0.13734567903645833
0 0.55362654296875 0.5545267486979167 0.5543981479492187 0.5468106998697917 0.5532407407226563 0.5432098763020833 0.5493827158203125 0.5416666666666666 0.5447530864257812 0.5462962962239584 0.5443672841796875 0.5529835390625 0.5459104936523438 0.5560699589843751 0.5501543208007813 0.5565843619791667 0.55362654296875 0.5545267486979167
0 0.5273919750976562 0.5617283951822917 0.5293209877929688 0.5576131686197917 0.5289351850585937 0.5488683125 0.5243055556640625 0.5468106998697917 0.520061728515625 0.5504115227864583 0.5189043208007813 0.5534979427083333 0.51967592578125 0.5606995885416667 0.52237654296875 0.5632716048177083 0.5273919750976562 0.5617283951822917
0 0.48070987646484375 0.5637860084635417 0.4783950615234375 0.5596707819010417 0.47376543212890626 0.5596707819010417 0.47067901220703123 0.5637860084635417 0.47106481494140623 0.5720164609375 0.4729938271484375 0.5735596705729167 0.4787808642578125 0.5720164609375 0.48070987646484375 0.5637860084635417
0 0.5050154321289062 0.5648148151041666 0.5050154321289062 0.5565843619791667 0.5019290122070312 0.5529835390625 0.496913580078125 0.5545267486979167 0.494598765625 0.558127572265625 0.494598765625 0.5648148151041666 0.49768518505859377 0.5689300410156249 0.503086419921875 0.5673868313802083 0.5050154321289062 0.5648148151041666
0 0.4556327158203125 0.5704732513020833 0.4533179013671875 0.5653292180989583 0.4475308642578125 0.56584362109375 0.44560185205078123 0.5689300410156249 0.44637345703125 0.5787037037760416 0.44945987646484375 0.5802469134114584 0.45447530859375 0.5776748971354166 0.4556327158203125 0.5704732513020833
0 0.43094135791015625 0.5735596705729167 0.42939814794921877 0.570987654296875 0.42515432080078125 0.570987654296875 0.4212962963867187 0.5756172838541667 0.4216820986328125 0.583847736328125 0.4247685185546875 0.585905349609375 0.42978395068359376 0.583847736328125 0.43094135791015625 0.5735596705729167
0 0.4047067900390625 0.5895061725260416 0.40663580224609375 0.5853909466145834 0.40432098779296877 0.5756172838541667 0.40007716064453125 0.5761316875 0.39544753076171874 0.5807613170572917 0.39544753076171874 0.5884773665364583 0.39737654296875 0.5915637858072916 0.400848765625 0.592078189453125 0.4047067900390625 0.5895061725260416
0 0.38117283935546875 0.5951646093749999 0.38155864208984375 0.58693415625 0.38001543212890626 0.5833333333333334 0.37538580224609375 0.5823045266927084 0.371913580078125 0.5853909466145834 0.37114197509765623 0.592078189453125 0.37307098779296877 0.5972222220052084 0.3784722221679688 0.5972222220052084 0.38117283935546875 0.5951646093749999
0 0.3472222221679688 0.6044238684895834 0.349151234375 0.6013374485677083 0.34876543212890626 0.59310699609375 0.3449074072265625 0.590020576171875 0.34143518505859377 0.590020576171875 0.33989197509765623 0.592078189453125 0.33912037060546874 0.6018518515625 0.3402777778320312 0.6044238684895834 0.34182098779296877 0.6059670781250001 0.3472222221679688 0.6044238684895834
0 0.33179012353515625 0.5925925924479166 0.33179012353515625 0.5874485598958333 0.3287037036132813 0.5833333333333334 0.32407407421875 0.5833333333333334 0.32137345703125 0.587962962890625 0.320987654296875 0.592078189453125 0.32407407421875 0.5987654322916667 0.3287037036132813 0.5982510286458333 0.33179012353515625 0.5925925924479166
0 0.3256172841796875 0.5761316875 0.3279320986328125 0.5715020572916667 0.3279320986328125 0.5643004114583333 0.32484567919921875 0.5612139915364583 0.320987654296875 0.5617283951822917 0.31867283935546875 0.5643004114583333 0.317901234375 0.570987654296875 0.31905864208984375 0.57407407421875 0.320987654296875 0.5766460904947917 0.3256172841796875 0.5761316875
0 0.35455246923828126 0.7674897122395833 0.35802469140625 0.7551440332031251 0.35570987646484375 0.7469135800781249 0.3533950615234375 0.7438271608072916 0.3479938271484375 0.7417695475260416 0.34336419775390625 0.7433127571614584 0.33989197509765623 0.74794238671875 0.338348765625 0.7515432096354168 0.3395061728515625 0.76286008203125 0.346836419921875 0.769032921875 0.35455246923828126 0.7674897122395833
0 0.36304012353515625 0.8045267486979166 0.36342592578125 0.7962962962239583 0.3587962963867187 0.7875514401041667 0.349537037109375 0.7865226334635417 0.34413580224609375 0.7942386829427083 0.34413580224609375 0.804012345703125 0.349537037109375 0.8112139915364583 0.3587962963867187 0.8112139915364583 0.36304012353515625 0.8045267486979166
0 0.3676697529296875 0.8523662552083334 0.36998456787109374 0.8420781894531251 0.3680555556640625 0.8353909466145834 0.36419753076171874 0.8302469134114583 0.35570987646484375 0.8302469134114583 0.35185185205078123 0.833847736328125 0.34992283935546875 0.83899176953125 0.3506944443359375 0.8492798352864583 0.35416666650390627 0.8549382714843751 0.36149691357421876 0.856995884765625 0.3676697529296875 0.8523662552083334
0 0.3410493828125 0.5606995885416667 0.34375 0.554012345703125 0.34297839501953126 0.5488683125 0.3395061728515625 0.5457818932291667 0.3344907407226563 0.5468106998697917 0.33333333349609373 0.549897119140625 0.3341049384765625 0.5586419752604167 0.33757716064453125 0.5617283951822917 0.3410493828125 0.5606995885416667
0 0.3452932099609375 0.5812757200520834 0.3464506171875 0.5776748971354166 0.3452932099609375 0.5694444446614583 0.34143518505859377 0.567901234375 0.3364197529296875 0.570987654296875 0.33603395068359376 0.5781893001302083 0.338348765625 0.5828189303385417 0.3422067900390625 0.5833333333333334 0.3452932099609375 0.5812757200520834
0 0.7202932099609375 0.53600823046875 0.7202932099609375 0.5293209876302084 0.7168209877929688 0.5246913580729167 0.7125771606445312 0.5257201647135417 0.7106481479492187 0.5298353906250001 0.710262345703125 0.53600823046875 0.712962962890625 0.5396090533854166 0.7168209877929688 0.5396090533854166 0.7202932099609375 0.53600823046875
0 0.7037037036132813 0.54012345703125 0.7040895063476562 0.532921810546875 0.7006172841796875 0.5277777779947916 0.6971450615234375 0.5282921809895833 0.6940586420898438 0.5344650208333334 0.6944444443359375 0.5421810696614583 0.695987654296875 0.5442386829427083 0.6994598764648438 0.5442386829427083 0.7037037036132813 0.54012345703125
0 0.6878858022460937 0.5396090533854166 0.6867283950195312 0.5324074075520834 0.682098765625 0.5308641972656251 0.679012345703125 0.537037037109375 0.6793981479492187 0.5468106998697917 0.6809413579101562 0.5483539095052083 0.6855709877929688 0.5468106998697917 0.6878858022460937 0.5396090533854166
0 0.6693672841796875 0.5514403294270833 0.6720679013671875 0.5462962962239584 0.6709104936523438 0.537037037109375 0.667438271484375 0.5344650208333334 0.662037037109375 0.54012345703125 0.6612654321289062 0.5468106998697917 0.6624228393554688 0.5514403294270833 0.664737654296875 0.5529835390625 0.6693672841796875 0.5514403294270833
0 0.6809413579101562 0.6162551438802083 0.6813271606445312 0.6075102877604167 0.679012345703125 0.6023662552083333 0.673611111328125 0.6018518515625 0.670138888671875 0.6049382714843751 0.6697530864257812 0.6126543209635417 0.6716820986328125 0.6193415638020833 0.6751543208007813 0.6203703704427083 0.6809413579101562 0.6162551438802083
0 0.6975308642578125 0.606995884765625 0.6956018520507813 0.5987654322916667 0.6898148149414063 0.5982510286458333 0.6871141977539063 0.6023662552083333 0.6867283950195312 0.609053498046875 0.6890432099609375 0.6152263372395833 0.6956018520507813 0.6126543209635417 0.6975308642578125 0.606995884765625
0 0.712962962890625 0.6049382714843751 0.7121913579101562 0.5951646093749999 0.7083333334960937 0.5936213990885416 0.7037037036132813 0.5977366256510417 0.7040895063476562 0.609053498046875 0.7060185185546874 0.611111111328125 0.7106481479492187 0.6095679010416667 0.712962962890625 0.6049382714843751
0 0.72762345703125 0.60390946484375 0.7295524692382812 0.5946502057291666 0.727237654296875 0.5905349791666666 0.7222222221679687 0.5915637858072916 0.7199074072265625 0.5956790123697916 0.7191358022460937 0.5997942389322917 0.7210648149414063 0.6054526751302084 0.724537037109375 0.6064814817708334 0.72762345703125 0.60390946484375
0 0.7577160493164062 0.6553497942708334 0.7573302470703125 0.6466049381510417 0.753086419921875 0.6445473248697916 0.7488425927734375 0.6481481484375 0.7488425927734375 0.6589506171875 0.7515432099609375 0.6625514401041667 0.7546296293945313 0.6615226334635417 0.7577160493164062 0.6553497942708334
0 0.7735339506835938 0.6815843619791666 0.7739197529296875 0.6743827161458333 0.76967592578125 0.6682098763020834 0.7650462963867187 0.6687242799479166 0.7646604936523438 0.6805555553385417 0.7665895063476562 0.6851851848958334 0.7692901235351562 0.6867283951822917 0.7735339506835938 0.6815843619791666
0 0.75887345703125 0.8307613170572917 0.7596450615234375 0.8235596705729167 0.758487654296875 0.8204732513020834 0.7519290122070312 0.8194444446614583 0.7492283950195312 0.8240740742187499 0.7488425927734375 0.8292181067708334 0.7511574072265625 0.83487654296875 0.7550154321289062 0.8353909466145834 0.75887345703125 0.8307613170572917
0 0.775848765625 0.823045267578125 0.7743055556640625 0.8153292180989583 0.7689043208007813 0.81584362109375 0.7658179013671875 0.8199588476562499 0.7658179013671875 0.8281893001302083 0.7681327158203125 0.8317901236979166 0.7743055556640625 0.8281893001302083 0.775848765625 0.823045267578125
0 0.6925154321289062 0.8497942389322916 0.6944444443359375 0.84310699609375 0.6944444443359375 0.837962962890625 0.6925154321289062 0.8353909466145834 0.6871141977539063 0.835905349609375 0.6836419750976562 0.840020576171875 0.6832561728515625 0.8467078190104167 0.6851851850585937 0.8508230455729167 0.6890432099609375 0.8523662552083334 0.6925154321289062 0.8497942389322916
0 0.679012345703125 0.8451646093749999 0.676311728515625 0.840020576171875 0.6712962963867187 0.8395061725260416 0.66782407421875 0.8420781894531251 0.667438271484375 0.8492798352864583 0.67052469140625 0.8554526751302083 0.6770833334960937 0.8528806582031251 0.679012345703125 0.8451646093749999
0 0.6130401235351562 0.8374485598958333 0.6172839506835938 0.8328189303385417 0.6180555556640625 0.8245884772135416 0.61342592578125 0.8199588476562499 0.6084104936523438 0.8225308639322916 0.6068672841796875 0.8245884772135416 0.6072530864257812 0.8328189303385417 0.6091820986328125 0.8364197532552083 0.6130401235351562 0.8374485598958333
0 0.6153549384765625 0.807098765625 0.613811728515625 0.8014403294270833 0.6103395063476562 0.7988683124999999 0.6072530864257812 0.7988683124999999 0.6041666665039063 0.8029835390625001 0.6041666665039063 0.8106995885416667 0.6072530864257812 0.8148148151041666 0.6126543208007813 0.8127572018229167 0.6153549384765625 0.807098765625
0 0.6103395063476562 0.7916666666666666 0.6118827158203125 0.7829218105468749 0.6099537036132813 0.7777777779947916 0.604938271484375 0.7767489713541668 0.6006944443359375 0.7829218105468749 0.6006944443359375 0.7885802467447917 0.60262345703125 0.7926954733072917 0.6057098764648438 0.7947530865885417 0.6103395063476562 0.7916666666666666
0 0.6064814814453126 0.7695473248697917 0.6091820986328125 0.76286008203125 0.60802469140625 0.7577160494791667 0.6033950615234375 0.7541152265625 0.5983796293945313 0.7561728391927084 0.5972222221679687 0.7577160494791667 0.5983796293945313 0.7685185182291666 0.602237654296875 0.7716049381510417 0.6064814814453126 0.7695473248697917
0 0.6068672841796875 0.7407407408854166 0.6064814814453126 0.7376543209635417 0.602237654296875 0.7330246914062499 0.5983796293945313 0.7335390944010417 0.5960648149414063 0.73713991796875 0.5960648149414063 0.7448559667968749 0.5983796293945313 0.7494855970052083 0.6033950615234375 0.74794238671875 0.6068672841796875 0.7407407408854166
0 0.60262345703125 0.7237654322916667 0.6033950615234375 0.7165637858072916 0.602237654296875 0.7134773665364583 0.5976080249023438 0.7103909466145834 0.5925925927734375 0.71399176953125 0.5929783950195312 0.7253086419270834 0.5952932099609375 0.7283950618489583 0.5987654321289062 0.72890946484375 0.60262345703125 0.7237654322916667
0 0.599537037109375 0.6995884772135416 0.599537037109375 0.6923868313802083 0.5952932099609375 0.6893004114583333 0.5914351850585937 0.69084362109375 0.5898919750976562 0.693930041015625 0.5895061728515625 0.6995884772135416 0.5918209877929688 0.7052469134114583 0.5964506171875 0.7047325104166666 0.599537037109375 0.6995884772135416
0 0.5972222221679687 0.6712962962239583 0.5933641977539063 0.6666666666666666 0.5868055556640625 0.6676954733072917 0.5868055556640625 0.679012345703125 0.5922067900390625 0.6846707819010417 0.5964506171875 0.6800411523437501 0.5972222221679687 0.6712962962239583
0 0.5466820986328125 0.695987654296875 0.5478395063476562 0.6934156380208334 0.5466820986328125 0.6805555553385417 0.5432098764648438 0.6779835390625001 0.5389660493164062 0.6795267486979166 0.5381944443359375 0.6856995885416667 0.539737654296875 0.6944444446614583 0.5432098764648438 0.6975308639322916 0.5466820986328125 0.695987654296875
0 0.5505401235351562 0.71399176953125 0.5501543208007813 0.7067901236979166 0.54822530859375 0.7026748971354166 0.5432098764648438 0.7016460904947918 0.54012345703125 0.7057613170572917 0.5393518520507813 0.710905349609375 0.542438271484375 0.7170781894531251 0.5466820986328125 0.7186213990885416 0.5505401235351562 0.71399176953125
0 0.5528549384765625 0.7237654322916667 0.5462962963867187 0.7227366256510416 0.5432098764648438 0.7237654322916667 0.542438271484375 0.7263374485677083 0.5420524692382812 0.730967078125 0.5447530864257812 0.7391975305989583 0.55362654296875 0.7391975305989583 0.5528549384765625 0.7237654322916667
0 0.5563271606445312 0.7582304524739584 0.5559413579101562 0.7489711933593749 0.55362654296875 0.7458847734375 0.5470679013671875 0.7463991770833333 0.5447530864257812 0.75205761328125 0.545138888671875 0.7572016458333333 0.54822530859375 0.7608024694010417 0.554012345703125 0.7613168723958333 0.5563271606445312 0.7582304524739584
0 0.559413580078125 0.7782921809895833 0.5574845678710938 0.7685185182291666 0.554012345703125 0.7664609055989583 0.5478395063476562 0.7685185182291666 0.548611111328125 0.7824074075520833 0.5501543208007813 0.7844650208333334 0.5582561728515625 0.7844650208333334 0.559413580078125 0.7782921809895833
0 0.5601851850585937 0.8045267486979166 0.5621141977539063 0.8014403294270833 0.5621141977539063 0.7932098763020834 0.5597993828125 0.789094650390625 0.5551697529296875 0.7896090533854166 0.5528549384765625 0.7926954733072917 0.5532407407226563 0.8014403294270833 0.5563271606445312 0.8050411523437501 0.5601851850585937 0.8045267486979166
0 0.5640432099609375 0.8106995885416667 0.557098765625 0.8101851848958334 0.5543981479492187 0.8137860084635417 0.55362654296875 0.8215020572916667 0.5559413579101562 0.8281893001302083 0.5652006171875 0.8240740742187499 0.5640432099609375 0.8106995885416667
0 0.567901234375 0.83693415625 0.5659722221679687 0.8333333333333334 0.5605709877929688 0.8323045266927083 0.5574845678710938 0.83487654296875 0.557098765625 0.8425925924479167 0.559413580078125 0.8487654322916667 0.5663580249023438 0.8461934153645833 0.567901234375 0.83693415625
0 0.3877314814453125 0.7196502057291667 0.38966049365234373 0.7165637858072916 0.3881172841796875 0.7067901236979166 0.383487654296875 0.7047325104166666 0.38001543212890626 0.7073045266927083 0.37885802490234377 0.7103909466145834 0.38001543212890626 0.71810699609375 0.383487654296875 0.7211934153645833 0.3877314814453125 0.7196502057291667
0 0.39197530859375 0.7407407408854166 0.392361111328125 0.7335390944010417 0.38966049365234373 0.7278806582031251 0.3850308642578125 0.7273662552083334 0.3819444443359375 0.730967078125 0.38155864208984375 0.7366255143229167 0.38387345703125 0.7417695475260416 0.38695987646484375 0.7433127571614584 0.39197530859375 0.7407407408854166
0 0.43942901220703123 0.7031893001302083 0.4386574072265625 0.6965020572916667 0.43557098779296877 0.692901234375 0.431712962890625 0.692901234375 0.42939814794921877 0.6954732513020834 0.42978395068359376 0.7073045266927083 0.431712962890625 0.70987654296875 0.4359567900390625 0.7093621399739584 0.43942901220703123 0.7031893001302083
0 0.43942901220703123 0.730967078125 0.44212962939453126 0.7253086419270834 0.4402006171875 0.7170781894531251 0.43132716064453125 0.7170781894531251 0.4305555556640625 0.7242798352864583 0.432098765625 0.730967078125 0.43518518505859377 0.7325102877604167 0.43942901220703123 0.730967078125
0 0.44560185205078123 0.7613168723958333 0.44637345703125 0.7525720162760416 0.4444444443359375 0.7494855970052083 0.440586419921875 0.7484567903645832 0.43672839501953126 0.7515432096354168 0.43672839501953126 0.7602880657552084 0.4386574072265625 0.763888888671875 0.44251543212890626 0.763888888671875 0.44560185205078123 0.7613168723958333
0 0.448688271484375 0.7721193417968749 0.4448302470703125 0.7700617285156249 0.440586419921875 0.7726337447916666 0.4409722221679688 0.7824074075520833 0.44637345703125 0.78600823046875 0.448688271484375 0.7829218105468749 0.448688271484375 0.7721193417968749
0 0.3969907407226563 0.769032921875 0.395061728515625 0.7608024694010417 0.3904320986328125 0.7597736627604167 0.38657407421875 0.7649176953125 0.38695987646484375 0.7726337447916666 0.3900462963867187 0.7757201647135417 0.39429012353515625 0.7757201647135417 0.3969907407226563 0.769032921875
0 0.39853395068359376 0.7942386829427083 0.39969135791015625 0.7896090533854166 0.397762345703125 0.7824074075520833 0.39390432080078125 0.7813786009114584 0.38966049365234373 0.784979423828125 0.38927469140625 0.7916666666666666 0.3912037036132813 0.7957818932291666 0.39390432080078125 0.797839505859375 0.39853395068359376 0.7942386829427083
0 0.4035493828125 0.827160494140625 0.40393518505859377 0.8194444446614583 0.40239197509765623 0.81584362109375 0.39737654296875 0.8148148151041666 0.39429012353515625 0.817901234375 0.39390432080078125 0.8240740742187499 0.3969907407226563 0.8297325104166666 0.400848765625 0.8302469134114583 0.4035493828125 0.827160494140625
0 0.40663580224609375 0.8497942389322916 0.40702160498046874 0.8410493828125 0.4047067900390625 0.8364197532552083 0.40007716064453125 0.8364197532552083 0.3962191357421875 0.8415637858072916 0.39583333349609373 0.8456790123697916 0.39814814794921877 0.8508230455729167 0.400848765625 0.8523662552083334 0.40663580224609375 0.8497942389322916
0 0.4537037036132813 0.8112139915364583 0.4529320986328125 0.8050411523437501 0.448688271484375 0.8024691360677084 0.44405864208984375 0.8055555553385417 0.4444444443359375 0.8163580247395833 0.445987654296875 0.8184156380208334 0.45100308642578124 0.8173868313802083 0.4537037036132813 0.8112139915364583
0 0.45717592578125 0.8323045266927083 0.4560185185546875 0.8276748971354166 0.4529320986328125 0.8245884772135416 0.44637345703125 0.8266460904947918 0.4467592592773437 0.83899176953125 0.44907407421875 0.8410493828125 0.454861111328125 0.8395061725260416 0.45717592578125 0.8323045266927083
0 0.46064814794921877 0.8708847734375 0.4614197529296875 0.8616255143229167 0.4594907407226563 0.8585390944010417 0.4529320986328125 0.8580246914062499 0.4506172841796875 0.861111111328125 0.4506172841796875 0.8693415638020833 0.4525462963867187 0.8739711933593749 0.45717592578125 0.8744855970052083 0.46064814794921877 0.8708847734375
0 0.463348765625 0.8822016458333333 0.4594907407226563 0.8786008229166667 0.45447530859375 0.8827160494791667 0.454861111328125 0.8919753085937501 0.46064814794921877 0.8950617285156249 0.46373456787109374 0.8873456790364583 0.463348765625 0.8822016458333333
0 0.4135802470703125 0.9043209876302084 0.414737654296875 0.8966049381510417 0.41280864208984375 0.8924897122395833 0.4074074072265625 0.890946501953125 0.40393518505859377 0.8945473248697917 0.40393518505859377 0.9017489713541668 0.40663580224609375 0.9063786009114584 0.41126543212890626 0.90689300390625 0.4135802470703125 0.9043209876302084
0 0.41087962939453126 0.8811728391927084 0.41087962939453126 0.87294238671875 0.4089506171875 0.8693415638020833 0.40432098779296877 0.8683127571614584 0.40123456787109374 0.8739711933593749 0.40162037060546874 0.8806584361979167 0.40393518505859377 0.8852880657552084 0.40817901220703123 0.8852880657552084 0.41087962939453126 0.8811728391927084
0 0.6350308642578125 0.5643004114583333 0.63657407421875 0.5545267486979167 0.63387345703125 0.5493827161458333 0.6296296293945313 0.549897119140625 0.6273148149414063 0.5534979427083333 0.6222993828125 0.5653292180989583 0.6253858022460937 0.5694444446614583 0.6300154321289062 0.5694444446614583 0.6350308642578125 0.5643004114583333
0 0.6288580249023438 0.7268518515625 0.6292438271484375 0.7232510286458332 0.6265432099609375 0.719135802734375 0.6184413579101562 0.7222222220052084 0.6184413579101562 0.7278806582031251 0.621913580078125 0.7325102877604167 0.6265432099609375 0.730967078125 0.6288580249023438 0.7268518515625
0 0.6311728393554688 0.7505144029947917 0.6323302470703125 0.7458847734375 0.6300154321289062 0.7397119342447916 0.625 0.7407407408854166 0.6226851850585937 0.7448559667968749 0.6242283950195312 0.7510288066406251 0.6269290122070312 0.7541152265625 0.6311728393554688 0.7505144029947917
0 0.6350308642578125 0.765946501953125 0.6331018520507813 0.7633744856770833 0.628086419921875 0.7613168723958333 0.6246141977539063 0.7644032923177083 0.6246141977539063 0.7726337447916666 0.6265432099609375 0.7767489713541668 0.63387345703125 0.7757201647135417 0.6350308642578125 0.765946501953125
0 0.7168209877929688 0.44958847721354167 0.7175925927734375 0.44084362109375 0.7152777778320313 0.4356995885416666 0.710262345703125 0.43467078190104164 0.70717592578125 0.4387860084635417 0.7067901235351562 0.44598765429687504 0.7091049384765625 0.45267489713541664 0.7137345678710938 0.45267489713541664 0.7168209877929688 0.44958847721354167
0 0.625 0.674897119140625 0.6230709877929688 0.6682098763020834 0.6126543208007813 0.676954732421875 0.6126543208007813 0.6862139915364583 0.61612654296875 0.6887860084635417 0.621913580078125 0.6851851848958334 0.625 0.674897119140625
0 0.6259818671875 0.7048518515625001 0.6236855708007812 0.6964269544270834 0.6172881943359375 0.69626800390625 0.6167970678710938 0.7094470162760417 0.6225374228515625 0.710212962890625 0.6259818671875 0.7048518515625001
0 0.6805165893554688 0.6389866256510417 0.6764980708007813 0.6328595677083334 0.6713005400390625 0.6328251028645834 0.6736277006835938 0.644347736328125 0.6776462192382813 0.646645576171875 0.6805165893554688 0.6389866256510417
0 0.65640625 0.6979588476562499 0.6627210649414063 0.6987247942708333 0.6648707563476562 0.6919814817708333 0.6615729165039063 0.6887685182291667 0.65640625 0.688002572265625 0.65640625 0.6979588476562499
0 0.6736277006835938 0.6941296295572917 0.67822029296875 0.6941296295572917 0.6822318671875 0.6859799381510417 0.6816643520507812 0.6864706790364584 0.6736277006835938 0.6849393001302083 0.6736277006835938 0.6941296295572917
0 0.5203568671875 0.6887685182291667 0.52093094140625 0.6849393001302083 0.5186350307617188 0.677280349609375 0.5131215278320312 0.6774068932291667 0.5117461420898437 0.688002572265625 0.5128942900390625 0.6903004114583333 0.5203568671875 0.6887685182291667
0 0.5255235341796874 0.7056177981770834 0.5220790893554688 0.6964269544270834 0.5150505400390625 0.6971255143229166 0.5157646606445313 0.7094470162760417 0.5186350307617188 0.710212962890625 0.5255235341796874 0.7056177981770834
0 0.5283935185546875 0.7408477363281251 0.5260976079101563 0.7308914609375 0.5208375771484375 0.730561728515625 0.51806095703125 0.7416136829427084 0.5255235341796874 0.74620884765625 0.5283935185546875 0.7408477363281251
0 0.5306898149414062 0.7630581276041667 0.5295416665039062 0.751569958984375 0.5227665893554687 0.7519953704427084 0.521505015625 0.7622921809895833 0.5255235341796874 0.766887345703125 0.5306898149414062 0.7630581276041667
0 0.532986111328125 0.799819958984375 0.536430169921875 0.7929274694010416 0.5347083334960937 0.7868004114583332 0.5285536264648437 0.78457407421875 0.5232272377929688 0.7959907408854167 0.5283935185546875 0.7990545266927084 0.532986111328125 0.799819958984375
0 0.5387264658203125 0.8143719134114583 0.5370042436523438 0.806712962890625 0.531125771484375 0.8060077161458333 0.5289675927734375 0.8151378600260416 0.5341342592773437 0.8182011315104166 0.5387264658203125 0.8143719134114583
0 0.5398746142578125 0.857260802734375 0.5438931328125 0.8541970162760416 0.5438931328125 0.8450066875000001 0.53691280859375 0.838586419921875 0.532412037109375 0.8473045266927084 0.5306898149414062 0.8557289095052084 0.5398746142578125 0.857260802734375
0 0.54331905859375 0.8718122428385416 0.54733719140625 0.8672170781249999 0.5444668208007812 0.8633878600260417 0.5394849536132813 0.8600200618489584 0.532986111328125 0.8702808639322916 0.5393005400390625 0.8741100820312501 0.54331905859375 0.8718122428385416
0 0.374232638671875 0.6096769544270834 0.3774189814453125 0.6297962962239584 0.3820111884765625 0.629030349609375 0.3814375 0.6121810696614584 0.374232638671875 0.6096769544270834
0 0.40612152783203126 0.60145884765625 0.398023919921875 0.6036754114583334 0.40267708349609377 0.6244351848958333 0.4095655864257812 0.6206054524739583 0.40612152783203126 0.60145884765625
0 0.43539776220703125 0.6144783951822916 0.4336755400390625 0.5953317903645833 0.423744212890625 0.5968168723958334 0.4216207563476562 0.6022247942708333 0.426212962890625 0.616776234375 0.43539776220703125 0.6144783951822916
0 0.4566377314453125 0.589204732421875 0.4488213735351563 0.5916728391927083 0.453193287109375 0.6121810696614584 0.4606558642578125 0.606819958984375 0.4566377314453125 0.589204732421875
0 0.4818958334960938 0.5823117285156251 0.471326388671875 0.5839567903645834 0.475581404296875 0.6052880657552083 0.48419174365234374 0.604522119140625 0.4818958334960938 0.5823117285156251
0 0.5071539350585937 0.5777165638020834 0.4983325615234375 0.5813847734375001 0.49969135791015623 0.5976296295572917 0.5083020834960937 0.596097736328125 0.5071539350585937 0.5777165638020834
0 0.532986111328125 0.5708235598958333 0.5221238427734375 0.5745262343750001 0.5289675927734375 0.596097736328125 0.536430169921875 0.596097736328125 0.532986111328125 0.5708235598958333
0 0.5559479165039063 0.566994341796875 0.5465578706054688 0.5676671809895834 0.5519297841796875 0.5907366256510417 0.557670138671875 0.5853755143229167 0.5559479165039063 0.566994341796875
0 0.4062800927734375 0.3542695475260416 0.4097241513671875 0.34737654296875004 0.40226157421875 0.3404840533854167 0.39352276220703125 0.34304475325520833 0.3936508486328125 0.355035494140625 0.39881712939453123 0.355035494140625 0.4062800927734375 0.3542695475260416
0 0.45220370361328127 0.34201543229166664 0.45220370361328127 0.33052777799479166 0.43981905859375 0.3336136829427083 0.43842669775390625 0.34201543229166664 0.443592978515625 0.34507921809895836 0.45220370361328127 0.34201543229166664
0 0.36330169775390625 0.28817489713541666 0.3638005400390625 0.30065843619791666 0.3712631171875 0.298361111328125 0.372411265625 0.2899362141927083 0.36330169775390625 0.28817489713541666
0 0.4992758486328125 0.19420216080729166 0.49468325634765625 0.20722170768229167 0.5009980708007813 0.21334876562500002 0.510182484375 0.19726543229166668 0.4992758486328125 0.19420216080729166
0 0.5165895063476562 0.26954732486979166 0.5165895063476562 0.26131687239583334 0.5135030864257812 0.25771604947916665 0.508487654296875 0.25874485611979164 0.505787037109375 0.2633744856770833 0.505787037109375 0.270061728515625 0.508487654296875 0.27520576106770833 0.5119598764648438 0.27572016471354166 0.5165895063476562 0.26954732486979166
0 0.43518518505859377 0.28960905338541665 0.4347993828125 0.279835390625 0.43248456787109374 0.27674897135416665 0.4274691357421875 0.27674897135416665 0.42322530859375 0.282921810546875 0.423611111328125 0.29012345703125003 0.426311728515625 0.29423868294270833 0.43094135791015625 0.29372427994791667 0.43518518505859377 0.28960905338541665
0 0.45177469140625 0.2865226334635417 0.4529320986328125 0.2824074075520833 0.44945987646484375 0.2736625514322917 0.4448302470703125 0.27263374479166663 0.4402006171875 0.2777777779947917 0.440586419921875 0.28600823046875 0.44251543212890626 0.28960905338541665 0.44830246923828126 0.29012345703125003 0.45177469140625 0.2865226334635417
0 0.44830246923828126 0.25874485611979164 0.4467592592773437 0.2536008229166667 0.44251543212890626 0.25154320963541665 0.43827160498046874 0.25565843619791667 0.43788580224609375 0.2582304524739583 0.4390432099609375 0.26851851822916667 0.445987654296875 0.26748971223958334 0.44791666650390627 0.26543209895833336 0.44830246923828126 0.25874485611979164
0 0.4645061728515625 0.26131687239583334 0.465663580078125 0.2546296295572917 0.462962962890625 0.24794238671875 0.45987654296875 0.2458847734375 0.45408950634765627 0.25154320963541665 0.45447530859375 0.26234567903645833 0.45640432080078125 0.26491769531250003 0.460262345703125 0.26491769531250003 0.4645061728515625 0.26131687239583334
0 0.482638888671875 0.25565843619791667 0.48302469140625 0.251028806640625 0.48032407421875 0.24279835416666665 0.471836419921875 0.2438271608072917 0.46952160498046874 0.248971193359375 0.46952160498046874 0.25771604947916665 0.47376543212890626 0.26183127604166667 0.4787808642578125 0.2608024694010417 0.482638888671875 0.25565843619791667
0 0.4957561728515625 0.2592592591145833 0.5 0.255144033203125 0.5003858022460937 0.24176954752604166 0.49807098779296877 0.236111111328125 0.48804012353515625 0.23765432096354167 0.48533950634765627 0.2438271608072917 0.4849537036132813 0.25205761328125004 0.48572530859375 0.2582304524739583 0.4872685185546875 0.25977366276041663 0.4957561728515625 0.2592592591145833
0 0.465407021484375 0.270789609375 0.4585181328125 0.26849176953125004 0.4552511572265625 0.27360030859375 0.45909220703125 0.2830432096354167 0.465981095703125 0.2845751028645833 0.469425154296875 0.27615072005208335 0.465407021484375 0.270789609375
0 0.49254552490234377 0.2667412552083333 0.491813271484375 0.27997993815104166 0.4992758486328125 0.27691615234375 0.5015721450195313 0.26695987630208334 0.49254552490234377 0.2667412552083333
0 0.7185621142578125 0.4576625514322917 0.7092380400390625 0.46049999999999996 0.711099537109375 0.47451183138020836 0.7208584106445313 0.47451183138020836 0.72200655859375 0.4614922838541667 0.7185621142578125 0.4576625514322917
0 0.711099537109375 0.40481738671874995 0.7082291665039062 0.39103137890625 0.7008788579101562 0.3910555553385417 0.700192515625 0.4063492799479167 0.7042110341796874 0.40864660481770837 0.711099537109375 0.40481738671874995
0 0.7122476850585937 0.41477366276041666 0.7034510029296875 0.413346193359375 0.7042110341796874 0.43468621419270836 0.7145439814453125 0.4293251028645833 0.7139699072265625 0.42090072005208334 0.7122476850585937 0.41477366276041666
0 0.72487654296875 0.48676594661458333 0.72315470703125 0.48063888867187504 0.7185621142578125 0.47910699609375 0.7137388115234375 0.47850411523437497 0.7122476850585937 0.489063271484375 0.7174139658203125 0.49442438281249995 0.7237283950195312 0.49519032942708335 0.72487654296875 0.48676594661458333
0 0.7759668208007813 0.39103137890625 0.7651793979492187 0.393627572265625 0.7685042436523437 0.403285494140625 0.7782631171875 0.403285494140625 0.7759668208007813 0.39103137890625
0 0.7771149692382813 0.42243261328125 0.7683942900390625 0.42534927994791666 0.7690783178710937 0.4369840533854166 0.7799853393554688 0.4369840533854166 0.7771149692382813 0.42243261328125
0 0.77768904296875 0.4668533951822917 0.7857256943359375 0.465321501953125 0.7845775463867187 0.4538333333333333 0.7741813271484375 0.45449845703125 0.7685042436523437 0.4614922838541667 0.7719486884765625 0.4691507200520833 0.77768904296875 0.4668533951822917
0 0.5444220678710937 0.22549794270833334 0.5358113427734374 0.22396656380208335 0.5346631943359375 0.23315689322916666 0.538681712890625 0.23851800390625 0.5432743056640625 0.23622016471354168 0.5444220678710937 0.22549794270833334
0 0.7066894291992187 0.344342078125 0.6957391977539062 0.3517268515625 0.6986523920898438 0.3673184153645834 0.70783719140625 0.3611913580729167 0.7066894291992187 0.344342078125
0 0.6159895834960938 0.14061985611979166 0.6018603393554688 0.14425102864583333 0.6056566357421875 0.15900051432291668 0.6217299384765625 0.15593724283854168 0.6159895834960938 0.14061985611979166
0 0.6182858793945313 0.16053240755208334 0.6057183642578124 0.163112654296875 0.6033603393554687 0.17431841536458334 0.6205817900390626 0.17278652278645834 0.6182858793945313 0.16053240755208334