0 0.6774691357421875 0.4382716048177084 0.6809413579101562 0.4351851848958333 0.6809413579101562 0.42592592578125 0.679012345703125 0.42335390950520835 0.673611111328125 0.42438271614583334 0.6716820986328125 0.42901234570312496 0.6720679013671875 0.4362139915364583 0.6774691357421875 0.4382716048177084
0 0.6566358022460937 0.44958847721354167 0.661651234375 0.4542181067708333 0.6655092592773437 0.4531893001302083 0.6666666665039063 0.450102880859375 0.6655092592773437 0.44032921809895836 0.6631944443359375 0.4382716048177084 0.6585648149414063 0.4393004114583334 0.65625 0.4444444446614583 0.6566358022460937 0.44958847721354167
0 0.6547067900390625 0.4305555553385417 0.6581790122070312 0.432098765625 0.6635802470703125 0.4284979427083333 0.6639660493164062 0.4218106998697917 0.661651234375 0.41718106966145835 0.6574074072265625 0.4166666666666667 0.6547067900390625 0.41872427994791667 0.653163580078125 0.424897119140625 0.6547067900390625 0.4305555553385417
0 0.6720679013671875 0.4166666666666667 0.676311728515625 0.416152263671875 0.67862654296875 0.41203703710937495 0.6782407407226563 0.40432098763020835 0.6755401235351562 0.40072016471354166 0.6712962963867187 0.40174897135416665 0.66782407421875 0.4084362141927083 0.6685956791992187 0.4135802467447917 0.6720679013671875 0.4166666666666667
0 0.6527777778320313 0.4084362141927083 0.6585648149414063 0.4094650208333333 0.6608796293945313 0.40534979427083334 0.6608796293945313 0.3981481484375 0.6585648149414063 0.394032921875 0.6547067900390625 0.394032921875 0.6512345678710938 0.397119341796875 0.650462962890625 0.404835390625 0.6527777778320313 0.4084362141927083
0 0.6199845678710938 0.4166666666666667 0.6238425927734375 0.4176954733072917 0.6277006171875 0.41512345703125003 0.6284722221679687 0.4074074075520833 0.6269290122070312 0.4032921809895833 0.6222993828125 0.40277777799479164 0.6188271606445312 0.404835390625 0.6184413579101562 0.41306584375000005 0.6199845678710938 0.4166666666666667
0 0.6003086420898438 0.422839505859375 0.6041666665039063 0.41872427994791667 0.6041666665039063 0.4115226334635416 0.60262345703125 0.4089506171875 0.596836419921875 0.4094650208333333 0.59375 0.41512345703125003 0.5956790122070312 0.42335390950520835 0.6003086420898438 0.422839505859375
0 0.5702160493164062 0.4279835390625 0.5752314814453126 0.4284979427083333 0.5783179013671875 0.424897119140625 0.5790895063476562 0.41872427994791667 0.5771604936523438 0.41512345703125003 0.573688271484375 0.41409465039062504 0.5702160493164062 0.416152263671875 0.5690586420898438 0.4218106998697917 0.5702160493164062 0.4279835390625
0 0.5505401235351562 0.43467078190104164 0.5543981479492187 0.431069958984375 0.554012345703125 0.42129629622395837 0.5501543208007813 0.41975308658854166 0.54552469140625 0.42232510286458336 0.5443672841796875 0.4295267486979167 0.5462962963867187 0.43415637890625 0.5505401235351562 0.43467078190104164
0 0.5219907407226563 0.44032921809895836 0.525848765625 0.44032921809895836 0.5297067900390625 0.4351851848958333 0.5297067900390625 0.42901234570312496 0.5270061728515625 0.4264403294270833 0.5216049384765625 0.4274691360677083 0.5192901235351562 0.432098765625 0.5192901235351562 0.4372427981770833 0.5219907407226563 0.44032921809895836
0 0.49768518505859377 0.4465020572916667 0.5027006171875 0.4454732513020833 0.5050154321289062 0.442901234375 0.505787037109375 0.4393004114583334 0.5038580249023438 0.432098765625 0.49768518505859377 0.432098765625 0.49498456787109374 0.4351851848958333 0.494598765625 0.44238683138020835 0.49768518505859377 0.4465020572916667
0 0.471836419921875 0.452160494140625 0.47685185205078123 0.45267489713541664 0.48032407421875 0.4485596705729167 0.48109567919921875 0.442901234375 0.47916666650390627 0.4377572018229167 0.474151234375 0.4372427981770833 0.4714506171875 0.4398148151041667 0.4702932099609375 0.4485596705729167 0.471836419921875 0.452160494140625
0 0.4467592592773437 0.45679012369791666 0.451388888671875 0.45781893033854165 0.45524691357421876 0.45370370377604163 0.4556327158203125 0.4470164609375 0.45408950634765627 0.443930041015625 0.44984567919921875 0.44341563802083334 0.44637345703125 0.4454732513020833 0.44560185205078123 0.45370370377604163 0.4467592592773437 0.45679012369791666
0 0.6581790122070312 0.34310699609375 0.6635802470703125 0.345164609375 0.6685956791992187 0.344135802734375 0.6728395063476562 0.3374485598958334 0.67322530859375 0.32818930013020836 0.6685956791992187 0.31995884765625 0.661651234375 0.31841563802083334 0.6570216049804688 0.32201646093749997 0.6543209877929688 0.3333333333333333 0.6581790122070312 0.34310699609375
0 0.6512345678710938 0.29783950585937496 0.6550925927734375 0.30092592578125 0.661651234375 0.30092592578125 0.6666666665039063 0.29423868294270833 0.667438271484375 0.2839506171875 0.6624228393554688 0.2762345677083333 0.6547067900390625 0.27469135807291667 0.650848765625 0.27829218098958336 0.6481481479492187 0.29012345703125003 0.6512345678710938 0.29783950585937496
0 0.6439043208007813 0.25205761328125004 0.6469907407226563 0.25617283919270833 0.650462962890625 0.25771604947916665 0.65625 0.25668724283854166 0.6612654321289062 0.248971193359375 0.661651234375 0.24125514388020833 0.6574074072265625 0.23353909440104167 0.6520061728515625 0.23096707812499997 0.645061728515625 0.23353909440104167 0.64197530859375 0.24485596679687502 0.6439043208007813 0.25205761328125004
0 0.63657407421875 0.20421810677083332 0.6408179013671875 0.21193415625 0.6500771606445312 0.21347736653645832 0.6554783950195312 0.2067901236979167 0.6558641977539063 0.195987654296875 0.6512345678710938 0.18930041145833332 0.6435185185546874 0.18775720182291666 0.6404320986328125 0.18930041145833332 0.6369598764648438 0.19547325130208335 0.63657407421875 0.20421810677083332
0 0.6354166665039063 0.16923868294270836 0.6427469135742188 0.17026748958333335 0.6493055556640625 0.16358024674479166 0.6500771606445312 0.15483539062499999 0.6469907407226563 0.14609053515625 0.6396604936523438 0.143004115234375 0.6323302470703125 0.14763374479166666 0.630401234375 0.159979423828125 0.6354166665039063 0.16923868294270836
0 0.7087191357421875 0.7700617285156249 0.7152777778320313 0.7793209876302084 0.724537037109375 0.7782921809895833 0.7287808642578125 0.7721193417968749 0.7291666665039063 0.7644032923177083 0.724151234375 0.7536008229166667 0.7210648149414063 0.75205761328125 0.7148919750976562 0.7536008229166667 0.7094907407226563 0.7618312760416667 0.7087191357421875 0.7700617285156249
0 0.704861111328125 0.730967078125 0.7137345678710938 0.7381687239583333 0.7206790122070312 0.734053498046875 0.7233796293945313 0.7278806582031251 0.7229938271484375 0.7175925924479167 0.7202932099609375 0.7134773665364583 0.7145061728515625 0.70987654296875 0.7094907407226563 0.71193415625 0.70447530859375 0.7201646093749999 0.704861111328125 0.730967078125
0 0.7056327158203125 0.6944444446614583 0.712962962890625 0.693930041015625 0.7183641977539063 0.6862139915364583 0.7179783950195312 0.674897119140625 0.7121913579101562 0.6682098763020834 0.7052469135742188 0.6682098763020834 0.6994598764648438 0.6759259257812501 0.69907407421875 0.6856995885416667 0.7056327158203125 0.6944444446614583
0 0.7029320986328125 0.650217078125 0.7087191357421875 0.6476450618489583 0.7137345678710938 0.6404434153645834 0.7137345678710938 0.6316985598958333 0.70447530859375 0.621410494140625 0.6975308642578125 0.6244969134114583 0.693287037109375 0.6383858027343751 0.69637345703125 0.6461018515625 0.7029320986328125 0.650217078125
0 0.6566358022460937 0.8323045266927083 0.6635802470703125 0.8328189303385417 0.6658950615234375 0.8302469134114583 0.6662808642578125 0.8215020572916667 0.6643518520507813 0.81584362109375 0.6608796293945313 0.8143004114583333 0.6550925927734375 0.817901234375 0.6547067900390625 0.8245884772135416 0.6566358022460937 0.8323045266927083
0 0.6697530864257812 0.54012345703125 0.6755401235351562 0.541152263671875 0.6801697529296875 0.537037037109375 0.6805555556640625 0.5324074075520834 0.67592592578125 0.5241769544270833 0.6716820986328125 0.5226337447916667 0.6689814814453126 0.5246913580729167 0.6670524692382812 0.5334362141927084 0.6697530864257812 0.54012345703125
0 0.6581790122070312 0.5442386829427083 0.662037037109375 0.539094650390625 0.659336419921875 0.5282921809895833 0.6543209877929688 0.5272633743489583 0.6520061728515625 0.5293209876302084 0.6516203706054687 0.5406378600260416 0.6527777778320313 0.5426954733072916 0.6581790122070312 0.5442386829427083
0 0.6408487654320988 0.5411985596707819 0.0004012345679011986 0.00031378600823043595
0 0.6755401235351562 0.602880658203125 0.679012345703125 0.606995884765625 0.6855709877929688 0.6064814817708334 0.6882716049804688 0.6018518515625 0.6882716049804688 0.5946502057291666 0.6863425927734375 0.5905349791666666 0.682098765625 0.590020576171875 0.6770833334960937 0.5925925924479166 0.67592592578125 0.5951646093749999 0.6755401235351562 0.602880658203125
0 0.662037037109375 0.6095679010416667 0.6670524692382812 0.611111111328125 0.67052469140625 0.606995884765625 0.6709104936523438 0.6008230455729167 0.6693672841796875 0.5956790123697916 0.664737654296875 0.5951646093749999 0.6597222221679687 0.5992798352864583 0.6597222221679687 0.6049382714843751 0.662037037109375 0.6095679010416667
0 0.650848765625 0.6147119342447916 0.6535493828125 0.611111111328125 0.6527777778320313 0.5997942389322917 0.6469907407226563 0.5987654322916667 0.6439043208007813 0.6023662552083333 0.6431327158203125 0.609053498046875 0.6466049384765625 0.6147119342447916 0.650848765625 0.6147119342447916
0 0.6373456791992187 0.5483539095052083 0.6435185185546874 0.5473251028645834 0.6458333334960937 0.5432098763020833 0.6454475307617188 0.537037037109375 0.6408179013671875 0.5324074075520834 0.6373456791992187 0.5344650208333334 0.6350308642578125 0.5396090533854166 0.6354166665039063 0.5462962962239584 0.6373456791992187 0.5483539095052083
0 0.6354166665039063 0.6177983541666666 0.638888888671875 0.6147119342447916 0.6369598764648438 0.6023662552083333 0.6296296293945313 0.602880658203125 0.6265432099609375 0.6059670781250001 0.6265432099609375 0.61213991796875 0.6284722221679687 0.6172839505208333 0.6354166665039063 0.6177983541666666
0 0.6288580249023438 0.5473251028645834 0.6277006171875 0.5375514401041667 0.6226851850585937 0.5344650208333334 0.619212962890625 0.5396090533854166 0.619598765625 0.55092592578125 0.6234567900390625 0.5529835390625 0.6288580249023438 0.5473251028645834
0 0.6126543208007813 0.6208847734374999 0.6172839506835938 0.6224279837239584 0.6215277778320313 0.6177983541666666 0.621913580078125 0.61213991796875 0.6199845678710938 0.606995884765625 0.6157407407226563 0.6064814817708334 0.61072530859375 0.6095679010416667 0.61072530859375 0.6167695475260416 0.6126543208007813 0.6208847734374999
0 0.6030092592773437 0.5555555553385417 0.6099537036132813 0.5565843619791667 0.6130401235351562 0.5529835390625 0.613811728515625 0.5437242799479166 0.6122685185546874 0.54012345703125 0.6057098764648438 0.54012345703125 0.6018518520507813 0.5432098763020833 0.6014660493164062 0.55092592578125 0.6030092592773437 0.5555555553385417
0 0.5925925927734375 0.5606995885416667 0.596836419921875 0.5560699589843751 0.5952932099609375 0.5462962962239584 0.5902777778320313 0.5447530865885416 0.5868055556640625 0.5473251028645834 0.5860339506835938 0.5555555553385417 0.588348765625 0.5601851848958334 0.5925925927734375 0.5606995885416667
0 0.5964506171875 0.625 0.599537037109375 0.6265432096354167 0.6041666665039063 0.62294238671875 0.604938271484375 0.6162551438802083 0.6030092592773437 0.6105967076822917 0.5987654321289062 0.6105967076822917 0.5945216049804688 0.6157407408854166 0.5945216049804688 0.6208847734374999 0.5964506171875 0.625
0 0.5817901235351562 0.6301440332031251 0.5860339506835938 0.6296296295572917 0.5891203706054687 0.625 0.5887345678710938 0.6167695475260416 0.5856481479492187 0.6131687239583333 0.579861111328125 0.6152263372395833 0.5771604936523438 0.6203703704427083 0.5779320986328125 0.62705761328125 0.5817901235351562 0.6301440332031251
0 0.5698302470703125 0.5612139915364583 0.5748456791992187 0.5643004114583333 0.579861111328125 0.5601851848958334 0.579861111328125 0.554012345703125 0.5783179013671875 0.55092592578125 0.5748456791992187 0.5468106998697917 0.57137345703125 0.547839505859375 0.5690586420898438 0.5529835390625 0.5698302470703125 0.5612139915364583
0 0.5555555556640625 0.5673868313802083 0.5613425927734375 0.5673868313802083 0.5636574072265625 0.5632716048177083 0.5636574072265625 0.557098765625 0.5609567900390625 0.5524691360677083 0.5574845678710938 0.551954732421875 0.5543981479492187 0.5545267486979167 0.5528549384765625 0.5612139915364583 0.5555555556640625 0.5673868313802083
0 0.5644290122070312 0.6332304524739584 0.567901234375 0.6342592591145834 0.5721450615234375 0.6301440332031251 0.5729166665039063 0.6244855970052083 0.57137345703125 0.6193415638020833 0.5675154321289062 0.6172839505208333 0.5625 0.6203703704427083 0.5621141977539063 0.628086419921875 0.5644290122070312 0.6332304524739584
0 0.5489969135742188 0.63786008203125 0.55362654296875 0.6373456790364583 0.5559413579101562 0.6342592591145834 0.556712962890625 0.62705761328125 0.554012345703125 0.6213991770833334 0.5489969135742188 0.6224279837239584 0.5447530864257812 0.62705761328125 0.54552469140625 0.6342592591145834 0.5489969135742188 0.63786008203125
0 0.5416666665039063 0.5725308639322917 0.5470679013671875 0.5694444446614583 0.5470679013671875 0.5576131686197917 0.5459104936523438 0.5560699589843751 0.5405092592773437 0.5555555553385417 0.537037037109375 0.5586419752604167 0.537037037109375 0.5715020572916667 0.5416666665039063 0.5725308639322917
0 0.522762345703125 0.5756172838541667 0.5262345678710938 0.5766460904947917 0.5304783950195312 0.5725308639322917 0.5308641977539063 0.5648148151041666 0.5289351850585937 0.5612139915364583 0.5250771606445312 0.5601851848958334 0.5219907407226563 0.5622427981770833 0.5204475307617188 0.5694444446614583 0.522762345703125 0.5756172838541667
0 0.5320216049804688 0.6414609055989583 0.537037037109375 0.6414609055989583 0.539737654296875 0.63786008203125 0.54012345703125 0.6301440332031251 0.5378086420898438 0.6265432096354167 0.5327932099609375 0.626028806640625 0.5293209877929688 0.6291152265625001 0.5285493828125 0.6373456790364583 0.5320216049804688 0.6414609055989583
0 0.5154320986328125 0.6445473248697916 0.51967592578125 0.6455761315104166 0.5231481479492187 0.6424897122395833 0.5235339506835938 0.6342592591145834 0.5208333334960937 0.6301440332031251 0.5162037036132813 0.6301440332031251 0.5131172841796875 0.6332304524739584 0.5131172841796875 0.640946501953125 0.5154320986328125 0.6445473248697916
0 0.4984567900390625 0.6491769544270833 0.503086419921875 0.6496913580729167 0.5069444443359375 0.6450617285156249 0.5073302470703125 0.6404320989583333 0.505401234375 0.6337448561197917 0.5003858022460937 0.6337448561197917 0.49614197509765623 0.6394032923177083 0.4957561728515625 0.6445473248697916 0.4984567900390625 0.6491769544270833
0 0.5092592592773437 0.5797325104166667 0.51427469140625 0.5756172838541667 0.5135030864257812 0.5653292180989583 0.5096450615234375 0.5617283951822917 0.5069444443359375 0.5627572018229167 0.5038580249023438 0.5704732513020833 0.5046296293945313 0.5766460904947917 0.5092592592773437 0.5797325104166667
0 0.48919753076171874 0.5817901236979167 0.494212962890625 0.5823045266927084 0.4972993828125 0.5787037037760416 0.4972993828125 0.570987654296875 0.49498456787109374 0.567901234375 0.491512345703125 0.567901234375 0.48804012353515625 0.570987654296875 0.48765432080078125 0.5787037037760416 0.48919753076171874 0.5817901236979167
0 0.49189814794921877 0.695987654296875 0.4957561728515625 0.6923868313802083 0.49614197509765623 0.6856995885416667 0.494212962890625 0.681069958984375 0.49112654296875 0.6795267486979166 0.48649691357421876 0.6846707819010417 0.4872685185546875 0.6934156380208334 0.49189814794921877 0.695987654296875
0 0.474537037109375 0.6990740742187499 0.4787808642578125 0.695987654296875 0.4787808642578125 0.6856995885416667 0.47762345703125 0.68415637890625 0.4729938271484375 0.6846707819010417 0.4699074072265625 0.6898148151041666 0.4699074072265625 0.6965020572916667 0.474537037109375 0.6990740742187499
0 0.47685185205078123 0.6712962962239583 0.4760802470703125 0.66512345703125 0.47067901220703123 0.6625514401041667 0.4675925927734375 0.66512345703125 0.46643518505859377 0.672839505859375 0.47106481494140623 0.6774691360677084 0.47685185205078123 0.6712962962239583
0 0.4675925927734375 0.6558641972656251 0.4729938271484375 0.6527777779947916 0.4729938271484375 0.6435185182291666 0.47106481494140623 0.640946501953125 0.46682098779296877 0.6414609055989583 0.463348765625 0.6476337447916667 0.46412037060546874 0.6532921809895833 0.4675925927734375 0.6558641972656251
0 0.412037037109375 0.6296296295572917 0.4158950615234375 0.6255144029947917 0.41435185205078123 0.6167695475260416 0.41126543212890626 0.6152263372395833 0.40702160498046874 0.6183127571614583 0.40625 0.62705761328125 0.4077932099609375 0.6291152265625001 0.412037037109375 0.6296296295572917
0 0.37692901220703123 0.5637860084635417 0.3819444443359375 0.5648148151041666 0.38580246923828126 0.5596707819010417 0.38580246923828126 0.554012345703125 0.38387345703125 0.5504115227864583 0.37962962939453126 0.5493827161458333 0.37692901220703123 0.5514403294270833 0.37538580224609375 0.557098765625 0.37692901220703123 0.5637860084635417
0 0.40123456787109374 0.5720164609375 0.4047067900390625 0.5715020572916667 0.4089506171875 0.566872427734375 0.409336419921875 0.557098765625 0.4077932099609375 0.554012345703125 0.40393518505859377 0.5534979427083333 0.39969135791015625 0.557098765625 0.39814814794921877 0.56584362109375 0.40123456787109374 0.5720164609375
0 0.35532407421875 0.5992798352864583 0.3595679013671875 0.6003086419270833 0.36304012353515625 0.5961934153645834 0.36304012353515625 0.5884773665364583 0.36149691357421876 0.58693415625 0.35725308642578124 0.585905349609375 0.35416666650390627 0.5884773665364583 0.3537808642578125 0.5961934153645834 0.35532407421875 0.5992798352864583
0 0.35570987646484375 0.5807613170572917 0.3599537036132813 0.5802469134114584 0.36304012353515625 0.5761316875 0.36304012353515625 0.570987654296875 0.3595679013671875 0.5648148151041666 0.35532407421875 0.56584362109375 0.35185185205078123 0.5715020572916667 0.35262345703125 0.5781893001302083 0.35570987646484375 0.5807613170572917
0 0.35570987646484375 0.5643004114583333 0.36033950634765627 0.5622427981770833 0.3595679013671875 0.55092592578125 0.3568672841796875 0.5488683125 0.3533950615234375 0.549897119140625 0.3506944443359375 0.5545267486979167 0.3506944443359375 0.5606995885416667 0.35570987646484375 0.5643004114583333
0 0.332561728515625 0.6064814817708334 0.3368055556640625 0.6064814817708334 0.33989197509765623 0.6023662552083333 0.3395061728515625 0.5936213990885416 0.33757716064453125 0.5910493828125 0.33217592578125 0.5925925924479166 0.3287037036132813 0.5992798352864583 0.33024691357421876 0.6044238684895834 0.332561728515625 0.6064814817708334
0 0.35570987646484375 0.6265432096354167 0.35570987646484375 0.6208847734374999 0.3533950615234375 0.6136831276041667 0.3472222221679688 0.6131687239583333 0.3449074072265625 0.6188271608072916 0.3464506171875 0.6265432096354167 0.35570987646484375 0.6265432096354167
0 0.318287037109375 0.557098765625 0.320987654296875 0.554012345703125 0.3217592592773437 0.5468106998697917 0.3194444443359375 0.5426954733072916 0.31288580224609375 0.5437242799479166 0.3113425927734375 0.5504115227864583 0.3140432099609375 0.5565843619791667 0.318287037109375 0.557098765625
0 0.31905864208984375 0.5288065846354166 0.32137345703125 0.5257201647135417 0.320987654296875 0.5154320989583333 0.317901234375 0.51286008203125 0.31481481494140623 0.5144032923177083 0.31288580224609375 0.5205761315104166 0.3136574072265625 0.5267489713541667 0.31905864208984375 0.5288065846354166
0 0.21952160498046874 0.4886831276041667 0.22337962939453124 0.49331275716145834 0.23109567919921875 0.49382716080729167 0.236111111328125 0.4881687239583334 0.2368827158203125 0.4768518515625 0.2345679013671875 0.46862139908854167 0.22646604931640624 0.467078189453125 0.2199074072265625 0.4727366256510417 0.21836419775390625 0.484053498046875 0.21952160498046874 0.4886831276041667
0 0.21219135791015625 0.4398148151041667 0.21643518505859374 0.44907407421875 0.224151234375 0.45061728385416666 0.2287808642578125 0.4475308639322917 0.2314814814453125 0.442901234375 0.2314814814453125 0.4305555553385417 0.2283950615234375 0.424897119140625 0.22106481494140626 0.4238683125 0.2172067900390625 0.42541152278645833 0.213348765625 0.43004115234375 0.21219135791015625 0.4398148151041667
0 0.20679012353515625 0.39917695442708334 0.2145061728515625 0.4074074075520833 0.2202932099609375 0.40689300390625 0.22530864208984375 0.3981481484375 0.224537037109375 0.3863168723958333 0.2214506171875 0.38117283919270833 0.2175925927734375 0.3791152265625 0.2118055556640625 0.38168724283854166 0.20640432080078125 0.390946501953125 0.20679012353515625 0.39917695442708334
0 0.2002314814453125 0.35082304557291666 0.20216049365234376 0.35853909440104165 0.20679012353515625 0.3631687239583334 0.21489197509765626 0.36213991796874995 0.2199074072265625 0.3523662552083333 0.2202932099609375 0.3477366256510417 0.21836419775390625 0.342078189453125 0.21064814794921874 0.3353909466145833 0.2060185185546875 0.3374485598958334 0.20254629638671875 0.342078189453125 0.2002314814453125 0.35082304557291666
0 0.2006172841796875 0.3194444446614583 0.207561728515625 0.31995884765625 0.213348765625 0.31224279817708334 0.213348765625 0.30041152278645833 0.2091049384765625 0.29372427994791667 0.2033179013671875 0.29320987630208334 0.19521604931640624 0.30092592578125 0.19521604931640624 0.31275720182291666 0.2006172841796875 0.3194444446614583
0 0.19135802490234374 0.27263374479166663 0.195987654296875 0.2762345677083333 0.20447530859375 0.27417695442708334 0.2087191357421875 0.26543209895833336 0.20794753076171876 0.25668724283854166 0.2033179013671875 0.24948559700520834 0.1975308642578125 0.24948559700520834 0.19251543212890626 0.253086419921875 0.1890432099609375 0.26234567903645833 0.19135802490234374 0.27263374479166663
0 0.2827932099609375 0.47479423893229167 0.28742283935546875 0.4737654322916667 0.28935185205078123 0.46965020572916666 0.289737654296875 0.4634773665364584 0.286651234375 0.45987654296874997 0.28163580224609375 0.46090534960937496 0.27893518505859377 0.4660493828125 0.27932098779296877 0.47067901236979165 0.2827932099609375 0.47479423893229167
0 0.2974537036132813 0.46965020572916666 0.301311728515625 0.4717078190104167 0.30478395068359376 0.46862139908854167 0.30632716064453125 0.4645061725260417 0.30478395068359376 0.45627572005208333 0.30054012353515625 0.45576131705729167 0.2962962963867187 0.45987654296874997 0.29552469140625 0.46399176953125004 0.2974537036132813 0.46965020572916666
0 0.3140432099609375 0.46810699609375 0.317901234375 0.46810699609375 0.320987654296875 0.4624485598958334 0.32137345703125 0.45576131705729167 0.3198302470703125 0.452160494140625 0.31751543212890626 0.4511316875 0.31327160498046874 0.4547325104166667 0.31211419775390625 0.4624485598958334 0.3140432099609375 0.46810699609375
0 0.33179012353515625 0.46502057617187503 0.33912037060546874 0.4583333333333333 0.3395061728515625 0.45370370377604163 0.33757716064453125 0.4475308639322917 0.33179012353515625 0.4475308639322917 0.3279320986328125 0.4531893001302083 0.3279320986328125 0.45987654296874997 0.33179012353515625 0.46502057617187503
0 0.3198302470703125 0.3966049381510417 0.32600308642578124 0.3981481484375 0.32947530859375 0.39609053515625003 0.33024691357421876 0.3868312760416666 0.3287037036132813 0.38117283919270833 0.32484567919921875 0.3796296295572917 0.32021604931640624 0.3822016458333333 0.318287037109375 0.3883744856770834 0.3198302470703125 0.3966049381510417
0 0.304012345703125 0.40072016471354166 0.309413580078125 0.40174897135416665 0.31288580224609375 0.3976337447916667 0.31327160498046874 0.390946501953125 0.3109567900390625 0.3852880657552083 0.30748456787109374 0.38477366276041663 0.304012345703125 0.38786008203125005 0.30208333349609373 0.39351851822916667 0.304012345703125 0.40072016471354166
0 0.2905092592773437 0.405864197265625 0.2962962963867187 0.40174897135416665 0.29591049365234373 0.390946501953125 0.2939814814453125 0.38888888867187504 0.2885802470703125 0.390946501953125 0.286651234375 0.3976337447916667 0.28742283935546875 0.40380658463541663 0.2905092592773437 0.405864197265625
0 0.27662037060546874 0.4089506171875 0.28047839501953126 0.40380658463541663 0.28047839501953126 0.3976337447916667 0.27623456787109374 0.393004115234375 0.272762345703125 0.395061728515625 0.270061728515625 0.404835390625 0.27237654296875 0.4089506171875 0.27662037060546874 0.4089506171875
0 0.6095679013671875 0.844135802734375 0.6157407407226563 0.8410493828125 0.61612654296875 0.8343621399739584 0.6145833334960937 0.8292181067708334 0.6095679013671875 0.827160494140625 0.6064814814453126 0.8317901236979166 0.6060956791992187 0.840020576171875 0.6095679013671875 0.844135802734375
0 0.653163580078125 0.8096707819010417 0.6589506171875 0.8117283951822917 0.6628086420898438 0.80915637890625 0.6631944443359375 0.8009259257812501 0.6612654321289062 0.7962962962239583 0.6581790122070312 0.7937242799479166 0.6535493828125 0.7952674895833334 0.6516203706054687 0.799897119140625 0.653163580078125 0.8096707819010417
0 0.602237654296875 0.8194444446614583 0.6057098764648438 0.8225308639322916 0.6118827158203125 0.820987654296875 0.61342592578125 0.8143004114583333 0.6114969135742188 0.8081275722656249 0.6095679013671875 0.806069958984375 0.60532407421875 0.807098765625 0.6014660493164062 0.8143004114583333 0.602237654296875 0.8194444446614583
0 0.5729166665039063 0.7834362141927084 0.5779320986328125 0.787037037109375 0.5817901235351562 0.78600823046875 0.5844907407226563 0.7798353906250001 0.58487654296875 0.7757201647135417 0.5817901235351562 0.7695473248697917 0.5779320986328125 0.769032921875 0.5748456791992187 0.77109053515625 0.5721450615234375 0.7762345677083333 0.5729166665039063 0.7834362141927084
0 0.49614197509765623 0.807098765625 0.4984567900390625 0.8076131686197917 0.5034722221679687 0.8014403294270833 0.5046296293945313 0.7937242799479166 0.4988425927734375 0.787037037109375 0.49498456787109374 0.7875514401041667 0.4899691357421875 0.7973251028645834 0.4903549384765625 0.8004115227864584 0.49614197509765623 0.807098765625
0 0.5675154321289062 0.7227366256510416 0.5729166665039063 0.7227366256510416 0.57677469140625 0.7170781894531251 0.57677469140625 0.710905349609375 0.5744598764648438 0.7062757200520834 0.57137345703125 0.7052469134114583 0.5648148149414063 0.7103909466145834 0.5648148149414063 0.71810699609375 0.5675154321289062 0.7227366256510416
0 0.5617283950195312 0.7422839505208333 0.5609567900390625 0.730967078125 0.5520833334960937 0.7345679010416667 0.5516975307617188 0.7417695475260416 0.55362654296875 0.7463991770833333 0.5574845678710938 0.74794238671875 0.5617283950195312 0.7422839505208333
0 0.5015432099609375 0.7633744856770833 0.51157407421875 0.7623456790364583 0.5146604936523438 0.7561728391927084 0.5150462963867187 0.74794238671875 0.5135030864257812 0.7407407408854166 0.5050154321289062 0.7402263372395833 0.4988425927734375 0.7448559667968749 0.49922839501953126 0.7551440332031251 0.5015432099609375 0.7633744856770833
0 0.5385802470703125 0.7525720162760416 0.5447530864257812 0.75 0.5462962963867187 0.7469135800781249 0.5459104936523438 0.7381687239583333 0.5435956791992187 0.7350823046875 0.536651234375 0.73713991796875 0.5347222221679687 0.7412551438802083 0.5351080249023438 0.74794238671875 0.5385802470703125 0.7525720162760416
0 0.522762345703125 0.7577160494791667 0.5285493828125 0.7556584361979167 0.5304783950195312 0.75 0.5300925927734375 0.7412551438802083 0.5270061728515625 0.7386831276041667 0.5219907407226563 0.7391975305989583 0.5185185185546874 0.7433127571614584 0.5189043208007813 0.7536008229166667 0.522762345703125 0.7577160494791667
0 0.48804012353515625 0.7412551438802083 0.49382716064453125 0.7366255143229167 0.494212962890625 0.7304526751302083 0.49189814794921877 0.7253086419270834 0.48804012353515625 0.7242798352864583 0.48302469140625 0.7314814817708334 0.4845679013671875 0.7402263372395833 0.48804012353515625 0.7412551438802083
0 0.5505401235351562 0.7263374485677083 0.5551697529296875 0.7273662552083334 0.559413580078125 0.7232510286458332 0.5601851850585937 0.7170781894531251 0.5574845678710938 0.7103909466145834 0.5516975307617188 0.70987654296875 0.548611111328125 0.712962962890625 0.5470679013671875 0.7170781894531251 0.5505401235351562 0.7263374485677083
0 0.4591049384765625 0.8446502057291667 0.46373456787109374 0.8451646093749999 0.465663580078125 0.8420781894531251 0.4660493828125 0.83693415625 0.46373456787109374 0.8317901236979166 0.4594907407226563 0.8312757200520834 0.45717592578125 0.8333333333333334 0.45640432080078125 0.8374485598958333 0.4591049384765625 0.8446502057291667
0 0.4409722221679688 0.8467078190104167 0.44251543212890626 0.8487654322916667 0.4467592592773437 0.8487654322916667 0.44945987646484375 0.8461934153645833 0.4502314814453125 0.8405349791666666 0.448688271484375 0.8353909466145834 0.44637345703125 0.8333333333333334 0.44251543212890626 0.83487654296875 0.440586419921875 0.8384773665364583 0.4409722221679688 0.8467078190104167
0 0.42939814794921877 0.8528806582031251 0.43364197509765623 0.8492798352864583 0.43248456787109374 0.8395061725260416 0.429012345703125 0.83693415625 0.426311728515625 0.8384773665364583 0.4243827158203125 0.8420781894531251 0.42515432080078125 0.8503086419270834 0.42939814794921877 0.8528806582031251
0 0.41280864208984375 0.855967078125 0.41705246923828126 0.85390946484375 0.4162808642578125 0.8436213990885416 0.41435185205078123 0.8415637858072916 0.4104938271484375 0.8415637858072916 0.4089506171875 0.8446502057291667 0.4097222221679688 0.8533950618489583 0.41280864208984375 0.855967078125
0 0.2797067900390625 0.8801440332031251 0.28780864208984375 0.8791152265625 0.292438271484375 0.8724279837239584 0.29205246923828126 0.8600823046875 0.287037037109375 0.8544238684895834 0.2797067900390625 0.8549382714843751 0.2739197529296875 0.8626543209635417 0.27469135791015625 0.87294238671875 0.2797067900390625 0.8801440332031251
0 0.267361111328125 0.8287037037760417 0.272762345703125 0.83693415625 0.2797067900390625 0.837962962890625 0.284336419921875 0.8343621399739584 0.28626543212890626 0.8302469134114583 0.286651234375 0.8215020572916667 0.28047839501953126 0.8122427981770833 0.275848765625 0.8117283951822917 0.2712191357421875 0.8143004114583333 0.267361111328125 0.8215020572916667 0.267361111328125 0.8287037037760417
0 0.26929012353515625 0.7962962962239583 0.27469135791015625 0.7957818932291666 0.2800925927734375 0.787037037109375 0.27893518505859377 0.7752057610677084 0.272762345703125 0.7685185182291666 0.26658950634765627 0.7705761315104166 0.26157407421875 0.7793209876302084 0.26234567919921875 0.7896090533854166 0.26929012353515625 0.7962962962239583
0 0.26157407421875 0.7525720162760416 0.26929012353515625 0.7515432096354168 0.2739197529296875 0.7443415638020833 0.27353395068359376 0.7345679010416667 0.2658179013671875 0.7253086419270834 0.25887345703125 0.7283950618489583 0.25462962939453126 0.7381687239583333 0.255401234375 0.7458847734375 0.26157407421875 0.7525720162760416
0 0.25192901220703123 0.7078189303385417 0.2592592592773437 0.7103909466145834 0.2662037036132813 0.7052469134114583 0.26697530859375 0.6923868313802083 0.2627314814453125 0.6836419752604167 0.25810185205078123 0.6826131686197917 0.25038580224609375 0.6898148151041666 0.2484567900390625 0.698045267578125 0.25192901220703123 0.7078189303385417
0 0.24382716064453125 0.6615226334635417 0.246913580078125 0.6656378600260416 0.255787037109375 0.6671810696614583 0.26080246923828126 0.662037037109375 0.26080246923828126 0.6507201647135417 0.2573302470703125 0.6424897122395833 0.25192901220703123 0.6404320989583333 0.24498456787109374 0.6445473248697916 0.2426697529296875 0.6553497942708334 0.24382716064453125 0.6615226334635417
0 0.3510802470703125 0.7052469134114583 0.3568672841796875 0.7062757200520834 0.3599537036132813 0.7037037037760417 0.36072530859375 0.6965020572916667 0.3591820986328125 0.692901234375 0.35570987646484375 0.6913580247395833 0.349537037109375 0.6954732513020834 0.349151234375 0.7006172838541667 0.3510802470703125 0.7052469134114583
0 0.380401234375 0.7962962962239583 0.38387345703125 0.797839505859375 0.38850308642578124 0.7942386829427083 0.388888888671875 0.787037037109375 0.38734567919921875 0.7829218105468749 0.38387345703125 0.7813786009114584 0.3784722221679688 0.78600823046875 0.378086419921875 0.7921810696614583 0.380401234375 0.7962962962239583
0 0.3908179013671875 0.79012345703125 0.39390432080078125 0.7942386829427083 0.39853395068359376 0.7932098763020834 0.400462962890625 0.7906378600260416 0.400462962890625 0.7834362141927084 0.39814814794921877 0.7798353906250001 0.39390432080078125 0.7803497942708333 0.39158950634765627 0.7834362141927084 0.3908179013671875 0.79012345703125
0 0.4580547841796875 0.77673199609375 0.4637322529296875 0.7764089505208333 0.46400385791015625 0.7637818932291666 0.4605597993164062 0.759604423828125 0.45680208349609375 0.7621105970052083 0.454923611328125 0.7708837447916667 0.4580547841796875 0.77673199609375
0 0.33873456787109374 0.8719135800781249 0.34413580224609375 0.8713991770833333 0.3449074072265625 0.8641975305989583 0.34336419775390625 0.859053498046875 0.33873456787109374 0.8575102877604167 0.335262345703125 0.8626543209635417 0.335262345703125 0.8672839505208333 0.33873456787109374 0.8719135800781249
0 0.335262345703125 0.8497942389322916 0.34143518505859377 0.8497942389322916 0.34297839501953126 0.8472222220052084 0.34336419775390625 0.8384773665364583 0.34182098779296877 0.8364197532552083 0.33873456787109374 0.8353909466145834 0.3337191357421875 0.8384773665364583 0.332561728515625 0.8456790123697916 0.335262345703125 0.8497942389322916
0 0.2515432099609375 0.60390946484375 0.25771604931640624 0.6054526751302084 0.2600308642578125 0.602880658203125 0.2600308642578125 0.5951646093749999 0.258487654296875 0.5910493828125 0.255401234375 0.5895061725260416 0.25038580224609375 0.59310699609375 0.24961419775390625 0.6003086419270833 0.2515432099609375 0.60390946484375
0 0.24807098779296874 0.5720164609375 0.25231481494140623 0.5720164609375 0.25501543212890626 0.5684156380208333 0.255787037109375 0.5637860084635417 0.25385802490234377 0.5576131686197917 0.25038580224609375 0.557098765625 0.24652777783203125 0.5612139915364583 0.2457561728515625 0.5684156380208333 0.24807098779296874 0.5720164609375
0 0.286651234375 0.583847736328125 0.2912808642578125 0.585905349609375 0.2962962963867187 0.5843621399739584 0.29783950634765627 0.5812757200520834 0.29783950634765627 0.5745884772135417 0.295138888671875 0.5699588476562499 0.2908950615234375 0.5689300410156249 0.28587962939453126 0.5715020572916667 0.28510802490234377 0.5802469134114584 0.286651234375 0.583847736328125
0 0.28356481494140623 0.5622427981770833 0.29012345703125 0.5648148151041666 0.29282407421875 0.5612139915364583 0.29320987646484375 0.5534979427083333 0.2905092592773437 0.5462962962239584 0.286651234375 0.5468106998697917 0.2827932099609375 0.5504115227864583 0.28202160498046874 0.558127572265625 0.28356481494140623 0.5622427981770833
0 0.28317901220703123 0.5432098763020833 0.28935185205078123 0.5421810696614583 0.2912808642578125 0.5385802467447917 0.29166666650390627 0.5324074075520834 0.286651234375 0.5252057610677083 0.28047839501953126 0.5272633743489583 0.278163580078125 0.5303497942708334 0.2785493828125 0.539094650390625 0.28317901220703123 0.5432098763020833
0 0.278163580078125 0.5200617285156249 0.28317901220703123 0.522119341796875 0.28896604931640624 0.5190329218749999 0.28935185205078123 0.5118312760416667 0.286651234375 0.5025720162760416 0.27932098779296877 0.50205761328125 0.275462962890625 0.5061728391927084 0.27469135791015625 0.5123456790364583 0.278163580078125 0.5200617285156249
0 0.2885802470703125 0.6095679010416667 0.2943672841796875 0.6116255143229167 0.30054012353515625 0.6100823046875 0.3024691357421875 0.6075102877604167 0.3024691357421875 0.5987654322916667 0.30015432080078125 0.5910493828125 0.29359567919921875 0.5905349791666666 0.28742283935546875 0.5961934153645834 0.286651234375 0.6033950618489583 0.2885802470703125 0.6095679010416667
0 0.38125655859375 0.8519804524739584 0.38224074072265624 0.858545267578125 0.3925736884765625 0.8598580247395833 0.39158950634765627 0.8578888886718751 0.3960177470703125 0.8559192389322917 0.39355787060546876 0.8447597734375 0.3866689814453125 0.843446501953125 0.38125655859375 0.8519804524739584
0 0.382732638671875 0.8421337447916667 0.3920817900390625 0.8404413580729168 0.3960177470703125 0.8316301438802083 0.3925736884765625 0.8276913580729167 0.38224074072265624 0.8290046295572916 0.38076466064453124 0.8362258229166667 0.382732638671875 0.8421337447916667
0 0.3966049384765625 0.2839506171875 0.40123456787109374 0.28960905338541665 0.40663580224609375 0.2865226334635417 0.4077932099609375 0.2834362141927083 0.40702160498046874 0.27520576106770833 0.4047067900390625 0.27211934179687497 0.40123456787109374 0.27160493815104164 0.39737654296875 0.2762345677083333 0.3966049384765625 0.2839506171875
0 0.4047067900390625 0.3101851848958333 0.4089506171875 0.30864197526041665 0.41010802490234377 0.306069958984375 0.4089506171875 0.2952674895833333 0.40432098779296877 0.29423868294270833 0.40162037060546874 0.2973251028645833 0.40007716064453125 0.301954732421875 0.40123456787109374 0.308127572265625 0.4047067900390625 0.3101851848958333
0 0.40663580224609375 0.33281893033854165 0.41280864208984375 0.3323045266927083 0.4131944443359375 0.32150205729166664 0.41087962939453126 0.316872427734375 0.4077932099609375 0.31532921809895836 0.4035493828125 0.31995884765625 0.4027777778320312 0.32818930013020836 0.40663580224609375 0.33281893033854165
0 0.397762345703125 0.26697530859375 0.40123456787109374 0.26646090559895835 0.40393518505859377 0.26286008203125 0.40393518505859377 0.2546296295572917 0.40123456787109374 0.25 0.39737654296875 0.251028806640625 0.3931327158203125 0.2582304524739583 0.3935185185546875 0.26286008203125 0.397762345703125 0.26697530859375
0 0.39158950634765627 0.24176954752604166 0.397762345703125 0.2458847734375 0.40162037060546874 0.2438271608072917 0.4027777778320312 0.23456790104166667 0.40123456787109374 0.23096707812499997 0.3989197529296875 0.22890946484375 0.39390432080078125 0.22993827148437498 0.3904320986328125 0.23765432096354167 0.39158950634765627 0.24176954752604166
0 0.38927469140625 0.22119341536458334 0.39429012353515625 0.22325102864583335 0.39853395068359376 0.2196502057291667 0.3993055556640625 0.21244855989583333 0.39814814794921877 0.20833333333333334 0.39467592578125 0.20524691341145831 0.3908179013671875 0.2067901236979167 0.3881172841796875 0.212962962890625 0.38927469140625 0.22119341536458334
0 0.3881172841796875 0.200102880859375 0.39274691357421876 0.20061728385416666 0.39583333349609373 0.1970164609375 0.39583333349609373 0.18878600846354165 0.39274691357421876 0.18518518489583333 0.38850308642578124 0.18621399153645835 0.3850308642578125 0.19135802473958333 0.3850308642578125 0.19650205729166667 0.3881172841796875 0.200102880859375
0 0.3819444443359375 0.17541152278645833 0.38734567919921875 0.17952674869791665 0.39197530859375 0.17695473242187498 0.3931327158203125 0.17541152278645833 0.39197530859375 0.16460905338541668 0.38695987646484375 0.16255144010416667 0.38387345703125 0.16512345703125 0.38155864208984375 0.17181069986979167 0.3819444443359375 0.17541152278645833
0 0.37692901220703123 0.32818930013020836 0.380401234375 0.3287037037760417 0.38695987646484375 0.32253086393229163 0.3881172841796875 0.320987654296875 0.38734567919921875 0.31275720182291666 0.38387345703125 0.3106995885416667 0.378086419921875 0.31378600846354165 0.37538580224609375 0.325102880859375 0.37692901220703123 0.32818930013020836
0 0.369212962890625 0.23816872395833333 0.37538580224609375 0.23559670768229168 0.37538580224609375 0.22736625520833334 0.3734567900390625 0.22376543229166668 0.36998456787109374 0.22273662565104166 0.3657407407226563 0.22530864192708333 0.3653549384765625 0.2350823046875 0.369212962890625 0.23816872395833333
0 0.2426697529296875 0.35442386848958335 0.2484567900390625 0.354938271484375 0.25192901220703123 0.34927983528645834 0.25192901220703123 0.34362139908854167 0.24922839501953126 0.33796296289062505 0.24498456787109374 0.3384773665364584 0.2426697529296875 0.3415637858072917 0.24112654296875 0.3487654322916667 0.2426697529296875 0.35442386848958335
0 0.23109567919921875 0.33179012369791666 0.23495370361328125 0.33076131705729167 0.23495370361328125 0.31841563802083334 0.232638888671875 0.31378600846354165 0.23032407421875 0.3132716048177083 0.22646604931640624 0.317901234375 0.2256944443359375 0.325102880859375 0.23109567919921875 0.33179012369791666
0 0.2314814814453125 0.18364197526041667 0.2341820986328125 0.17952674869791665 0.2341820986328125 0.17181069986979167 0.2318672841796875 0.1682098763020833 0.22646604931640624 0.17078189322916668 0.22376543212890626 0.17849794270833333 0.2256944443359375 0.18467078190104166 0.2314814814453125 0.18364197526041667
0 0.24382716064453125 0.18055555533854165 0.2484567900390625 0.18004115234374998 0.25077160498046874 0.17592592578125 0.2511574072265625 0.17026748958333335 0.2488425927734375 0.16512345703125 0.24498456787109374 0.16460905338541668 0.24074074072265625 0.17026748958333335 0.24074074072265625 0.17746913606770834 0.24382716064453125 0.18055555533854165
0 0.307098765625 0.164094650390625 0.3109567900390625 0.16460905338541668 0.3159722221679688 0.16049382747395832 0.3167438271484375 0.15329218098958333 0.315586419921875 0.15020576106770833 0.3109567900390625 0.14763374479166666 0.30748456787109374 0.15020576106770833 0.3051697529296875 0.15843621419270834 0.307098765625 0.164094650390625
0 0.32484567919921875 0.159979423828125 0.33217592578125 0.157921810546875 0.33179012353515625 0.14763374479166666 0.3283179013671875 0.14351851822916667 0.32445987646484375 0.14506172851562502 0.320987654296875 0.15277777799479167 0.3217592592773437 0.15740740755208335 0.32484567919921875 0.159979423828125
0 0.338348765625 0.3148148151041667 0.34182098779296877 0.3148148151041667 0.34336419775390625 0.30967078190104164 0.34375 0.304012345703125 0.34143518505859377 0.299897119140625 0.338348765625 0.29938271614583334 0.33333333349609373 0.30504115234375 0.33333333349609373 0.30864197526041665 0.338348765625 0.3148148151041667
0 0.32649537060546874 0.36865997916666665 0.32831597216796876 0.360145576171875 0.32487152783203127 0.35226800390625 0.3219193671875 0.3575200618489583 0.32093518505859375 0.36539763346354165 0.32649537060546874 0.36865997916666665
0 0.3258557099609375 0.30368981510416665 0.32093518505859375 0.304346193359375 0.3169988427734375 0.31156738671875 0.32429089501953123 0.3150154322916667 0.3258557099609375 0.30368981510416665
0 0.6168981479492187 0.29475308658854166 0.6207561728515625 0.2906378600260417 0.6207561728515625 0.2839506171875 0.6176697529296875 0.27932098763020835 0.61072530859375 0.28189300390625 0.6103395063476562 0.289094650390625 0.6126543208007813 0.29372427994791667 0.6168981479492187 0.29475308658854166
0 0.6099537036132813 0.27160493815104164 0.6141975307617188 0.27263374479166663 0.6180555556640625 0.269032921875 0.6184413579101562 0.26234567903645833 0.6168981479492187 0.25874485611979164 0.6126543208007813 0.25668724283854166 0.60802469140625 0.2592592591145833 0.607638888671875 0.26748971223958334 0.6099537036132813 0.27160493815104164
0 0.6095679013671875 0.24022633723958334 0.61342592578125 0.2350823046875 0.6122685185546874 0.22633744856770832 0.6095679013671875 0.22376543229166668 0.6045524692382812 0.22582304557291666 0.6030092592773437 0.23302469140625 0.604938271484375 0.23919753059895832 0.6095679013671875 0.24022633723958334
0 0.599151234375 0.18467078190104166 0.6030092592773437 0.18467078190104166 0.60532407421875 0.18209876562500002 0.6060956791992187 0.17592592578125 0.6037808642578125 0.17078189322916668 0.5979938271484375 0.17026748958333335 0.5956790122070312 0.17541152278645833 0.5964506171875 0.18209876562500002 0.599151234375 0.18467078190104166
0 0.60262345703125 0.21759259244791665 0.6064814814453126 0.21810699609374998 0.6103395063476562 0.21450617252604165 0.6103395063476562 0.2067901236979167 0.6084104936523438 0.20370370377604166 0.6057098764648438 0.202160494140625 0.6014660493164062 0.20524691341145831 0.6003086420898438 0.21347736653645832 0.60262345703125 0.21759259244791665
0 0.5613425927734375 0.30349794270833336 0.5663580249023438 0.307098765625 0.5706018520507813 0.304012345703125 0.570987654296875 0.2952674895833333 0.5694444443359375 0.291152263671875 0.5652006171875 0.29012345703125003 0.5628858022460937 0.2916666666666667 0.5601851850585937 0.2973251028645833 0.5613425927734375 0.30349794270833336
0 0.5597993828125 0.282921810546875 0.567901234375 0.2839506171875 0.5690586420898438 0.280864197265625 0.5694444443359375 0.27572016471354166 0.5675154321289062 0.269032921875 0.5644290122070312 0.26748971223958334 0.5586419750976562 0.27160493815104164 0.5574845678710938 0.2762345677083333 0.5597993828125 0.282921810546875
0 0.5613425927734375 0.251028806640625 0.5632716049804688 0.248971193359375 0.5621141977539063 0.23662551432291667 0.557098765625 0.236111111328125 0.5543981479492187 0.23816872395833333 0.5532407407226563 0.2458847734375 0.5547839506835938 0.25 0.5613425927734375 0.251028806640625
0 0.557098765625 0.22942386848958332 0.5597993828125 0.22685185156249998 0.5597993828125 0.21759259244791665 0.556712962890625 0.21399176953125 0.5532407407226563 0.21399176953125 0.55092592578125 0.217078189453125 0.55092592578125 0.22736625520833334 0.557098765625 0.22942386848958332
0 0.5501543208007813 0.1970164609375 0.5555555556640625 0.19495884765625002 0.5555555556640625 0.18364197526041667 0.554012345703125 0.1815843619791667 0.5497685185546874 0.1815843619791667 0.5462962963867187 0.18775720182291666 0.5466820986328125 0.19444444466145835 0.5501543208007813 0.1970164609375
0 0.55092592578125 0.174897119140625 0.554012345703125 0.172839505859375 0.5524691357421875 0.159979423828125 0.5470679013671875 0.1589506171875 0.5439814814453126 0.162037037109375 0.54282407421875 0.16923868294270836 0.5447530864257812 0.17335390950520835 0.55092592578125 0.174897119140625
0 0.5956790122070312 0.16358024674479166 0.599537037109375 0.16358024674479166 0.6037808642578125 0.15843621419270834 0.6041666665039063 0.15432098763020832 0.6003086420898438 0.1481481484375 0.5956790122070312 0.1481481484375 0.5925925927734375 0.15123456770833335 0.5929783950195312 0.1589506171875 0.5956790122070312 0.16358024674479166
0 0.5898919750976562 0.1291152265625 0.5956790122070312 0.13117283919270833 0.5979938271484375 0.12757201627604167 0.5987654321289062 0.12139917708333332 0.5976080249023438 0.11676954752604167 0.5960648149414063 0.11471193424479166 0.5914351850585937 0.11471193424479166 0.588348765625 0.11985596679687499 0.5898919750976562 0.1291152265625
0 0.5875771606445312 0.10751028776041667 0.5925925927734375 0.10853909440104166 0.5960648149414063 0.104938271484375 0.5960648149414063 0.09825102864583334 0.5929783950195312 0.09310699609375 0.588348765625 0.09310699609375 0.5860339506835938 0.09619341536458333 0.58487654296875 0.10236625520833333 0.5875771606445312 0.10751028776041667
0 0.5432098764648438 0.14248971223958332 0.548611111328125 0.14043209895833333 0.548611111328125 0.12757201627604167 0.5459104936523438 0.12551440299479166 0.5408950615234375 0.12705761328125 0.5385802470703125 0.13117283919270833 0.5389660493164062 0.13940329231770834 0.5432098764648438 0.14248971223958332
0 0.539737654296875 0.11934156380208333 0.5435956791992187 0.11934156380208333 0.54552469140625 0.11625514388020834 0.5443672841796875 0.106995884765625 0.5405092592773437 0.10442386848958334 0.5381944443359375 0.105967078125 0.5358796293945313 0.11316872395833333 0.536651234375 0.11625514388020834 0.539737654296875 0.11934156380208333
0 0.4868788579101562 0.323098765625 0.4892133486328125 0.31091100846354164 0.48380092578125 0.30565946484375 0.4783885029296875 0.31025462955729166 0.4783885029296875 0.321414609375 0.4868788579101562 0.323098765625
0 0.4695316357421875 0.26627160481770834 0.47592824072265627 0.26889711914062503 0.4818325615234375 0.26495833333333335 0.48134066357421873 0.25445524674479164 0.47494405859375 0.25379886848958333 0.4714996142578125 0.2564243828125 0.4695316357421875 0.26627160481770834
0 0.4744521606445313 0.2997510286458333 0.48302083349609376 0.30252263346354163 0.48872106494140627 0.29449948567708334 0.48527700634765625 0.289247427734375 0.4803564814453125 0.28859104947916664 0.47494405859375 0.29187345703125 0.4744521606445313 0.2997510286458333
0 0.4764074072265625 0.24740792187500002 0.4788804013671875 0.23673045247395832 0.47543595703125 0.23279166666666665 0.46707137353515626 0.23870010286458332 0.46854745361328126 0.24789043229166666 0.4764074072265625 0.24740792187500002
0 0.464119212890625 0.20325102864583333 0.464119212890625 0.21244135807291667 0.470344521484375 0.21654372395833332 0.47543595703125 0.20653343619791667 0.47494405859375 0.20062500000000003 0.4710077158203125 0.19799897135416666 0.464611111328125 0.19865586393229165 0.464119212890625 0.20325102864583333
0 0.4606747685546875 0.18946502083333336 0.46657947509765624 0.19406069986979166 0.472976080078125 0.18552623437500002 0.4714996142578125 0.18027469140625 0.4636269291992188 0.18027469140625 0.4606747685546875 0.18290072005208333 0.4606747685546875 0.18946502083333336
0 0.45624652783203123 0.15664197526041665 0.4621508486328125 0.16058076106770833 0.4700235341796875 0.15007716080729167 0.464119212890625 0.1448256171875 0.4587067900390625 0.14154320963541667 0.455262345703125 0.14745164583333334 0.45624652783203123 0.15664197526041665
0 0.45280208349609374 0.13629166666666667 0.46097530859375 0.1401183125 0.46657947509765624 0.12907047330729168 0.4606747685546875 0.12381893033854167 0.45673842578125 0.12578806575520832 0.451818287109375 0.13104012369791665 0.45280208349609374 0.13629166666666667
0 0.43364197509765623 0.166152263671875 0.43788580224609375 0.16769547330729165 0.44251543212890626 0.16512345703125 0.442901234375 0.157921810546875 0.440586419921875 0.15123456770833335 0.4363425927734375 0.15174897135416668 0.43287037060546874 0.15483539062499999 0.431712962890625 0.16152263346354165 0.43364197509765623 0.166152263671875
0 0.442901234375 0.18981481510416667 0.44560185205078123 0.18621399153645835 0.44637345703125 0.179012345703125 0.44405864208984375 0.17181069986979167 0.4347993828125 0.17592592578125 0.434413580078125 0.183127572265625 0.4359567900390625 0.18930041145833332 0.442901234375 0.18981481510416667
0 0.443287037109375 0.21090534960937501 0.44637345703125 0.2067901236979167 0.44560185205078123 0.1970164609375 0.44367283935546875 0.19495884765625002 0.4390432099609375 0.195987654296875 0.4375 0.19958847721354167 0.4390432099609375 0.20936213997395833 0.443287037109375 0.21090534960937501
0 0.44907407421875 0.23302469140625 0.45216049365234373 0.23096707812499997 0.4525462963867187 0.22273662565104166 0.44984567919921875 0.21553497916666667 0.4409722221679688 0.21656378580729166 0.4402006171875 0.22067901236979168 0.44251543212890626 0.23148148177083336 0.44907407421875 0.23302469140625
0 0.44637345703125 0.2541152265625 0.4529320986328125 0.2536008229166667 0.45524691357421876 0.24794238671875 0.45524691357421876 0.2433127571614583 0.45177469140625 0.23919753059895832 0.44560185205078123 0.23868312760416666 0.44367283935546875 0.24176954752604166 0.44367283935546875 0.24948559700520834 0.44637345703125 0.2541152265625
0 0.4467592592773437 0.27520576106770833 0.44945987646484375 0.27726337434895837 0.45679012353515625 0.27520576106770833 0.457561728515625 0.26748971223958334 0.45640432080078125 0.26234567903645833 0.4533179013671875 0.25977366276041663 0.44637345703125 0.2602880657552083 0.44560185205078123 0.270061728515625 0.4467592592773437 0.27520576106770833
0 0.4529320986328125 0.29835390950520835 0.4587191357421875 0.2973251028645833 0.46064814794921877 0.2916666666666667 0.4594907407226563 0.28600823046875 0.4560185185546875 0.28189300390625 0.4529320986328125 0.28137860091145833 0.44907407421875 0.287037037109375 0.44984567919921875 0.29320987630208334 0.4529320986328125 0.29835390950520835
0 0.45717592578125 0.32150205729166664 0.46103395068359376 0.318930041015625 0.45987654296875 0.3045267486979167 0.45679012353515625 0.30246913606770837 0.4529320986328125 0.304012345703125 0.45177469140625 0.30864197526041665 0.4533179013671875 0.3194444446614583 0.45717592578125 0.32150205729166664
0 0.36304012353515625 0.442901234375 0.36419753076171874 0.448045267578125 0.366512345703125 0.45061728385416666 0.3722993828125 0.4475308639322917 0.375 0.4398148151041667 0.378086419921875 0.4362139915364583 0.37692901220703123 0.432098765625 0.37461419775390625 0.4305555553385417 0.36689814794921877 0.43261316861979165 0.36304012353515625 0.442901234375
0 0.6370266206054688 0.7123400208333334 0.6399787807617188 0.708401234375 0.6355505400390625 0.6972412552083332 0.6291539350585937 0.6998672838541666 0.6291539350585937 0.7123400208333334 0.6370266206054688 0.7123400208333334
0 0.6064776235351562 0.6567258229166667 0.60848842578125 0.6434115227864583 0.5956952158203125 0.6440679010416667 0.59077469140625 0.6519454733072917 0.5937268520507812 0.6591666666666667 0.6064776235351562 0.6567258229166667
0 0.5601813271484375 0.6662793209635417 0.558300154296875 0.65325823046875 0.5514116513671875 0.65325823046875 0.545999228515625 0.6585097734375 0.549443287109375 0.6696697532552083 0.5601813271484375 0.6662793209635417
0 0.29604205224609376 0.6512890944010417 0.30342283935546877 0.64735030859375 0.304898919921875 0.6368467076822917 0.3029305556640625 0.634877572265625 0.29653395068359373 0.6355339505208334 0.2935817900390625 0.6434115227864583 0.29604205224609376 0.6512890944010417
0 0.3755532407226562 0.28578960937500003 0.379405478515625 0.28268158463541665 0.37948958349609374 0.27069084375 0.3780135029296875 0.2667520572916667 0.37210879638671873 0.27069084375 0.371125 0.27988168750000003 0.3755532407226562 0.28578960937500003
0 0.3671886572265625 0.25624897135416663 0.3744452158203125 0.26210545247395833 0.38096566357421874 0.25427932096354167 0.3785054013671875 0.24705812760416668 0.373092978515625 0.24443261328125 0.3671886572265625 0.24968415624999998 0.3671886572265625 0.25624897135416663
0 0.3843657407226562 0.3047273665364583 0.38293364208984376 0.29038477343749997 0.3785054013671875 0.2884156380208333 0.373092978515625 0.2969495885416667 0.37752121923828125 0.30482716080729166 0.3843657407226562 0.3047273665364583
0 0.6246655092773438 0.386296810546875 0.62157407421875 0.37047325130208336 0.616161265625 0.3711301438802083 0.6171454477539062 0.38622839518229163 0.6176377314453125 0.394105966796875 0.624526234375 0.38622839518229163 0.6246655092773438 0.386296810546875
0 0.5969718364257812 0.37572530859375 0.5890991513671875 0.3783508229166667 0.5910671293945312 0.4000144029947917 0.5993128857421876 0.397319958984375 0.5969718364257812 0.37572530859375
0 0.5750625 0.40246399153645834 0.57581404296875 0.4013271608072917 0.5723695986328124 0.38163323046875 0.5644969135742187 0.382946501953125 0.5679413579101562 0.4046095677083333 0.5750625 0.40246399153645834
0 0.5492438271484374 0.38622839518229163 0.5389108793945312 0.388854423828125 0.5418630400390625 0.4105174895833333 0.5508121142578125 0.40687294270833335 0.5492438271484374 0.38622839518229163
0 0.522673611328125 0.39213683138020833 0.5138167436523438 0.3947628600260417 0.5172611884765626 0.4170823046875 0.5261180556640624 0.4144562760416666 0.522673611328125 0.39213683138020833
0 0.4990555556640625 0.3987011315104167 0.4901986884765625 0.4019835390625 0.4936431328125 0.41970833333333335 0.5001064814453124 0.418630658203125 0.4990555556640625 0.3987011315104167
0 0.4754375 0.4046095677083333 0.46559683642578126 0.4046095677083333 0.46707291650390625 0.4269295266927083 0.47695833349609373 0.4245097734375 0.4754375 0.4046095677083333
0 0.44935956787109377 0.4105174895833333 0.4395185185546875 0.41379989713541665 0.44247067919921873 0.4321810696614583 0.45325925927734373 0.4303883743489583 0.44935956787109377 0.4105174895833333
0 0.230401234375 0.52802469140625 0.2146558642578125 0.534589505859375 0.21563966064453124 0.5444362141927083 0.23059606494140625 0.5413528808593749 0.230401234375 0.52802469140625
0 0.23335339501953126 0.5634737656250001 0.21859220703125 0.5654429010416667 0.22105208349609376 0.5785725305989583 0.232861111328125 0.5752901236979167 0.23335339501953126 0.5634737656250001
0 0.2363055556640625 0.5949840533854166 0.22252854931640625 0.5989228391927083 0.22597260791015625 0.610739197265625 0.2361072529296875 0.609694958984375 0.2363055556640625 0.5949840533854166
0 0.5436469907226562 0.7272726334635417 0.5423981479492187 0.718160494140625 0.5379699072265625 0.7142217076822917 0.5320652006835938 0.7247247942708334 0.5364938271484375 0.73063323046875 0.5436469907226562 0.7272726334635417
0 0.5116805556640625 0.7324166666666666 0.504018904296875 0.7194732513020834 0.4981145834960938 0.722755658203125 0.4995906635742188 0.7339156380208333 0.5064791665039062 0.73654115234375 0.5116805556640625 0.7324166666666666