0 0.3283179013671875 0.570987654296875 0.3279320986328125 0.5637860084635417 0.3225308642578125 0.5617283951822917 0.31905864208984375 0.5648148151041666 0.31905864208984375 0.57407407421875 0.320987654296875 0.5766460904947917 0.326388888671875 0.5756172838541667 0.3283179013671875 0.570987654296875
0 0.34143518505859377 0.5606995885416667 0.34375 0.5555555553385417 0.34336419775390625 0.5504115227864583 0.338348765625 0.5457818932291667 0.3344907407226563 0.5468106998697917 0.33333333349609373 0.549897119140625 0.3344907407226563 0.5596707819010417 0.3368055556640625 0.5617283951822917 0.34143518505859377 0.5606995885416667
0 0.3452932099609375 0.5812757200520834 0.346836419921875 0.575102880859375 0.3452932099609375 0.5694444446614583 0.34182098779296877 0.567901234375 0.3364197529296875 0.5715020572916667 0.33603395068359376 0.5781893001302083 0.338348765625 0.5828189303385417 0.3425925927734375 0.5833333333333334 0.3452932099609375 0.5812757200520834
0 0.33217592578125 0.5915637858072916 0.33140432080078125 0.5864197532552083 0.3279320986328125 0.5833333333333334 0.323688271484375 0.583847736328125 0.32137345703125 0.587962962890625 0.3217592592773437 0.5956790123697916 0.32445987646484375 0.5992798352864583 0.3287037036132813 0.5982510286458333 0.33217592578125 0.5915637858072916
0 0.34876543212890626 0.602880658203125 0.349537037109375 0.5951646093749999 0.3472222221679688 0.5915637858072916 0.34143518505859377 0.5905349791666666 0.33912037060546874 0.5946502057291666 0.33912037060546874 0.6018518515625 0.34143518505859377 0.6059670781250001 0.3452932099609375 0.6059670781250001 0.34876543212890626 0.602880658203125
0 0.38117283935546875 0.5951646093749999 0.38155864208984375 0.58693415625 0.38001543212890626 0.5833333333333334 0.3761574072265625 0.5823045266927084 0.3722993828125 0.58487654296875 0.3715277778320312 0.5925925924479166 0.37307098779296877 0.5967078190104167 0.3777006171875 0.5972222220052084 0.38117283935546875 0.5951646093749999
0 0.40625 0.58487654296875 0.40432098779296877 0.5766460904947917 0.39969135791015625 0.577160494140625 0.39583333349609373 0.5812757200520834 0.39583333349609373 0.5884773665364583 0.39737654296875 0.5910493828125 0.403163580078125 0.5905349791666666 0.40625 0.58487654296875
0 0.42978395068359376 0.583847736328125 0.43094135791015625 0.5781893001302083 0.42978395068359376 0.5720164609375 0.4247685185546875 0.5715020572916667 0.4216820986328125 0.575102880859375 0.42091049365234373 0.5812757200520834 0.42283950634765627 0.58487654296875 0.426311728515625 0.585905349609375 0.42978395068359376 0.583847736328125
0 0.4556327158203125 0.5704732513020833 0.4537037036132813 0.56584362109375 0.44945987646484375 0.5653292180989583 0.44560185205078123 0.5689300410156249 0.445987654296875 0.5787037037760416 0.44984567919921875 0.5802469134114584 0.45447530859375 0.5776748971354166 0.4556327158203125 0.5704732513020833
0 0.48070987646484375 0.567901234375 0.48070987646484375 0.5627572018229167 0.4780092592773437 0.5596707819010417 0.474151234375 0.5596707819010417 0.4702932099609375 0.5648148151041666 0.4702932099609375 0.570987654296875 0.4729938271484375 0.5735596705729167 0.4783950615234375 0.5725308639322917 0.48070987646484375 0.567901234375
0 0.5050154321289062 0.5648148151041666 0.505401234375 0.5576131686197917 0.5023148149414063 0.5534979427083333 0.4972993828125 0.5545267486979167 0.49498456787109374 0.557098765625 0.494212962890625 0.5606995885416667 0.49614197509765623 0.567901234375 0.5023148149414063 0.567901234375 0.5050154321289062 0.5648148151041666
0 0.5285493828125 0.5601851848958334 0.5297067900390625 0.5514403294270833 0.528163580078125 0.547839505859375 0.5231481479492187 0.5473251028645834 0.51967592578125 0.5514403294270833 0.5189043208007813 0.557098765625 0.5208333334960937 0.5622427981770833 0.525848765625 0.5627572018229167 0.5285493828125 0.5601851848958334
0 0.55362654296875 0.5545267486979167 0.5543981479492187 0.5462962962239584 0.5532407407226563 0.5432098763020833 0.548611111328125 0.5421810696614583 0.5447530864257812 0.5462962962239584 0.5443672841796875 0.5529835390625 0.5459104936523438 0.5560699589843751 0.5501543208007813 0.5565843619791667 0.55362654296875 0.5545267486979167
0 0.34297839501953126 0.6779835390625001 0.34567901220703123 0.6666666666666666 0.34182098779296877 0.65689300390625 0.3364197529296875 0.6548353906250001 0.33140432080078125 0.6558641972656251 0.32716049365234373 0.6625514401041667 0.32677469140625 0.6718106998697917 0.33140432080078125 0.6800411523437501 0.338348765625 0.6815843619791666 0.34297839501953126 0.6779835390625001
0 0.349151234375 0.7217078190104167 0.35185185205078123 0.70987654296875 0.34876543212890626 0.702160494140625 0.3449074072265625 0.6990740742187499 0.338348765625 0.6990740742187499 0.33333333349609373 0.7057613170572917 0.332561728515625 0.7160493828125 0.33757716064453125 0.7237654322916667 0.3452932099609375 0.7253086419270834 0.349151234375 0.7217078190104167
0 0.354938271484375 0.7664609055989583 0.35802469140625 0.7551440332031251 0.35609567919921875 0.74794238671875 0.3530092592773437 0.7438271608072916 0.349537037109375 0.7422839505208333 0.34375 0.7433127571614584 0.33873456787109374 0.7510288066406251 0.338348765625 0.7587448561197917 0.3425925927734375 0.7664609055989583 0.3479938271484375 0.769032921875 0.354938271484375 0.7664609055989583
0 0.3595679013671875 0.8106995885416667 0.36304012353515625 0.8045267486979166 0.36342592578125 0.7957818932291666 0.3591820986328125 0.78806584375 0.34992283935546875 0.7865226334635417 0.34452160498046874 0.7932098763020834 0.34413580224609375 0.804012345703125 0.34876543212890626 0.8106995885416667 0.3564814814453125 0.8122427981770833 0.3595679013671875 0.8106995885416667
0 0.3676697529296875 0.8523662552083334 0.369598765625 0.840020576171875 0.36458333349609373 0.8307613170572917 0.35725308642578124 0.8297325104166666 0.3506944443359375 0.8364197532552083 0.34992283935546875 0.8451646093749999 0.3530092592773437 0.85390946484375 0.36033950634765627 0.856995884765625 0.3676697529296875 0.8523662552083334
0 0.28510802490234377 0.24639917708333334 0.2905092592773437 0.23816872395833333 0.2912808642578125 0.22993827148437498 0.2847222221679688 0.22067901236979168 0.275462962890625 0.22170781901041667 0.2712191357421875 0.227880658203125 0.27083333349609373 0.23559670768229168 0.275848765625 0.24639917708333334 0.27893518505859377 0.24794238671875 0.28510802490234377 0.24639917708333334
0 0.2905092592773437 0.28806584375 0.29552469140625 0.279835390625 0.295138888671875 0.269032921875 0.28626543212890626 0.26183127604166667 0.27932098779296877 0.265946501953125 0.27662037060546874 0.27211934179687497 0.2770061728515625 0.2824074075520833 0.2797067900390625 0.2865226334635417 0.2854938271484375 0.29012345703125003 0.2905092592773437 0.28806584375
0 0.30054012353515625 0.32407407421875 0.30092592578125 0.3143004114583333 0.2943672841796875 0.3055555553385417 0.287037037109375 0.306069958984375 0.28163580224609375 0.31378600846354165 0.28202160498046874 0.325102880859375 0.28780864208984375 0.33179012369791666 0.29475308642578124 0.33179012369791666 0.30054012353515625 0.32407407421875
0 0.306712962890625 0.361614197265625 0.30362654296875 0.35389814843749995 0.2970679013671875 0.349782921875 0.2912808642578125 0.35235493815104163 0.28626543212890626 0.3595565846354167 0.28626543212890626 0.36830144010416666 0.29552469140625 0.37858950585937495 0.3024691357421875 0.37550308658854165 0.306712962890625 0.361614197265625
0 0.3449074072265625 0.18209876562500002 0.3452932099609375 0.17541152278645833 0.34336419775390625 0.16769547330729165 0.3364197529296875 0.16718106966145832 0.3341049384765625 0.16975308658854169 0.3337191357421875 0.17849794270833333 0.33564814794921877 0.18415637890625 0.33912037060546874 0.18569958854166668 0.3449074072265625 0.18209876562500002
0 0.3310185185546875 0.47530864192708333 0.33294753076171874 0.4665637858072917 0.33024691357421876 0.45987654296874997 0.32445987646484375 0.458847736328125 0.3198302470703125 0.46296296289062505 0.3194444443359375 0.4675925924479167 0.32407407421875 0.47582304557291666 0.3283179013671875 0.4773662552083333 0.3310185185546875 0.47530864192708333
0 0.34837962939453126 0.4593621399739583 0.3472222221679688 0.4573045266927083 0.34182098779296877 0.45576131705729167 0.337962962890625 0.46090534960937496 0.340663580078125 0.4717078190104167 0.34567901220703123 0.4727366256510417 0.3479938271484375 0.47067901236979165 0.34837962939453126 0.4593621399739583
0 0.3591512345679012 0.45880144032921805 0.0004012345679011986 0.00031378600823043595
0 0.32291666650390627 0.4074074075520833 0.32407407421875 0.404835390625 0.32445987646484375 0.397119341796875 0.320987654296875 0.393004115234375 0.31442901220703123 0.39351851822916667 0.31172839501953126 0.3981481484375 0.31172839501953126 0.40534979427083334 0.3136574072265625 0.4094650208333333 0.317901234375 0.40997942382812497 0.32291666650390627 0.4074074075520833
0 0.3402777778320312 0.40072016471354166 0.3402777778320312 0.395061728515625 0.337962962890625 0.39043209895833336 0.33294753076171874 0.38888888867187504 0.32947530859375 0.393004115234375 0.32908950634765627 0.39917695442708334 0.3306327158203125 0.40432098763020835 0.335262345703125 0.404835390625 0.3402777778320312 0.40072016471354166
0 0.3568672841796875 0.390946501953125 0.3533950615234375 0.3852880657552083 0.349151234375 0.3852880657552083 0.3464506171875 0.38888888867187504 0.3472222221679688 0.40020576106770833 0.3530092592773437 0.4012345677083333 0.35609567919921875 0.3976337447916667 0.3568672841796875 0.390946501953125
0 0.3649691357421875 0.4603909466145833 0.36458333349609373 0.45370370377604163 0.36265432080078125 0.45164609049479165 0.3564814814453125 0.45267489713541664 0.35416666650390627 0.45679012369791666 0.35455246923828126 0.46296296289062505 0.3591820986328125 0.4675925924479167 0.36265432080078125 0.4655349791666667 0.3649691357421875 0.4603909466145833
0 0.3734567900390625 0.38786008203125005 0.3715277778320312 0.38271604947916665 0.36458333349609373 0.3822016458333333 0.361111111328125 0.3852880657552083 0.36304012353515625 0.3976337447916667 0.37037037060546874 0.397119341796875 0.3734567900390625 0.394032921875 0.3734567900390625 0.38786008203125005
0 0.380401234375 0.44907407421875 0.3765432099609375 0.4470164609375 0.37114197509765623 0.45267489713541664 0.3722993828125 0.4624485598958334 0.37731481494140623 0.4655349791666667 0.380787037109375 0.4603909466145833 0.380401234375 0.44907407421875
0 0.38927469140625 0.39043209895833336 0.38927469140625 0.3832304524739583 0.38734567919921875 0.3791152265625 0.38271604931640624 0.37757201627604164 0.3784722221679688 0.3822016458333333 0.378086419921875 0.38786008203125005 0.38001543212890626 0.393004115234375 0.3842592592773437 0.39351851822916667 0.38927469140625 0.39043209895833336
0 0.39814814794921877 0.45679012369791666 0.39853395068359376 0.44907407421875 0.3969907407226563 0.4444444446614583 0.3900462963867187 0.44341563802083334 0.38695987646484375 0.4470164609375 0.386188271484375 0.45627572005208333 0.3877314814453125 0.45987654296874997 0.39429012353515625 0.45987654296874997 0.39814814794921877 0.45679012369791666
0 0.41396604931640624 0.4444444446614583 0.411651234375 0.4398148151041667 0.4074074072265625 0.4393004114583334 0.403163580078125 0.443930041015625 0.4047067900390625 0.45370370377604163 0.4097222221679688 0.45524691341145834 0.4131944443359375 0.45267489713541664 0.41396604931640624 0.4444444446614583
0 0.40547839501953126 0.3842592591145833 0.40547839501953126 0.3791152265625 0.4035493828125 0.375 0.400462962890625 0.37345679036458335 0.39583333349609373 0.37705761328125 0.395061728515625 0.38374485611979164 0.3969907407226563 0.38940329231770837 0.40123456787109374 0.38940329231770837 0.40547839501953126 0.3842592591145833
0 0.42283950634765627 0.3796296295572917 0.4220679013671875 0.37294238671875 0.41820987646484375 0.369855966796875 0.41396604931640624 0.3703703704427083 0.41087962939453126 0.375 0.41126543212890626 0.3832304524739583 0.41435185205078123 0.3868312760416666 0.420138888671875 0.38477366276041663 0.42283950634765627 0.3796296295572917
0 0.42862654296875 0.452160494140625 0.43094135791015625 0.4470164609375 0.4301697529296875 0.4387860084635417 0.42515432080078125 0.4356995885416666 0.420138888671875 0.4398148151041667 0.420138888671875 0.44598765429687504 0.4216820986328125 0.44907407421875 0.42515432080078125 0.4531893001302083 0.42862654296875 0.452160494140625
0 0.44560185205078123 0.4454732513020833 0.4471450615234375 0.4387860084635417 0.4444444443359375 0.43261316861979165 0.4386574072265625 0.43261316861979165 0.4363425927734375 0.4367283951822916 0.4363425927734375 0.442901234375 0.4390432099609375 0.4475308639322917 0.44251543212890626 0.448045267578125 0.44560185205078123 0.4454732513020833
0 0.4375 0.3796296295572917 0.43788580224609375 0.37191358007812503 0.43557098779296877 0.3667695475260417 0.432098765625 0.3657407408854167 0.4278549384765625 0.369855966796875 0.42708333349609373 0.37551440299479166 0.42862654296875 0.38065843619791667 0.43248456787109374 0.38271604947916665 0.4375 0.3796296295572917
0 0.45524691357421876 0.37294238671875 0.45447530859375 0.3657407408854167 0.45100308642578124 0.36213991796874995 0.44637345703125 0.3626543209635417 0.44405864208984375 0.3657407408854167 0.443287037109375 0.37294238671875 0.445987654296875 0.37860082291666664 0.45100308642578124 0.37757201627604164 0.45524691357421876 0.37294238671875
0 0.462962962890625 0.44135802473958335 0.462962962890625 0.4284979427083333 0.45833333349609373 0.4274691360677083 0.4529320986328125 0.4305555553385417 0.4529320986328125 0.44238683138020835 0.45408950634765627 0.443930041015625 0.4594907407226563 0.4444444446614583 0.462962962890625 0.44135802473958335
0 0.4780092592773437 0.4377572018229167 0.47955246923828126 0.4305555553385417 0.477237654296875 0.42438271614583334 0.47376543212890626 0.42335390950520835 0.46952160498046874 0.4274691360677083 0.46913580224609375 0.4351851848958333 0.47106481494140623 0.4387860084635417 0.47492283935546875 0.4398148151041667 0.4780092592773437 0.4377572018229167
0 0.47067901220703123 0.3708847734375 0.4714506171875 0.3626543209635417 0.46797839501953126 0.35853909440104165 0.462962962890625 0.35853909440104165 0.460262345703125 0.36213991796874995 0.45987654296875 0.369855966796875 0.46219135791015625 0.37345679036458335 0.4672067900390625 0.373971193359375 0.47067901220703123 0.3708847734375
0 0.4868827158203125 0.3667695475260417 0.4868827158203125 0.359053498046875 0.4845679013671875 0.35545267513020834 0.48032407421875 0.35442386848958335 0.47685185205078123 0.35751028776041666 0.47646604931640624 0.3657407408854167 0.47916666650390627 0.369855966796875 0.4837962963867187 0.369855966796875 0.4868827158203125 0.3667695475260417
0 0.5038580249023438 0.36059670768229163 0.5042438271484375 0.35545267513020834 0.5015432099609375 0.35082304557291666 0.496913580078125 0.35030864192708333 0.4930555556640625 0.354938271484375 0.4926697529296875 0.35956790104166664 0.494598765625 0.36625514388020836 0.49961419775390625 0.36625514388020836 0.5038580249023438 0.36059670768229163
0 0.49614197509765623 0.4295267486979167 0.49537037060546874 0.42335390950520835 0.4907407407226563 0.4202674895833333 0.48572530859375 0.42438271614583334 0.48649691357421876 0.43467078190104164 0.4903549384765625 0.4382716048177084 0.4930555556640625 0.4372427981770833 0.49614197509765623 0.4295267486979167
0 0.5119598764648438 0.42901234570312496 0.5123456791992187 0.42129629622395837 0.5108024692382812 0.41820987630208334 0.505787037109375 0.4176954733072917 0.5027006171875 0.42129629622395837 0.5027006171875 0.42901234570312496 0.5050154321289062 0.432098765625 0.508487654296875 0.432098765625 0.5119598764648438 0.42901234570312496
0 0.5135030864257812 0.31532921809895836 0.5127314814453126 0.30658436197916666 0.5081018520507813 0.304012345703125 0.5042438271484375 0.30761316861979165 0.5038580249023438 0.3143004114583333 0.505787037109375 0.318930041015625 0.50887345703125 0.3204732513020833 0.5135030864257812 0.31532921809895836
0 0.5300925927734375 0.3101851848958333 0.5300925927734375 0.30349794270833336 0.525462962890625 0.30092592578125 0.5212191357421875 0.304012345703125 0.5212191357421875 0.3143004114583333 0.52237654296875 0.31584362109375 0.5270061728515625 0.31532921809895836 0.5300925927734375 0.3101851848958333
0 0.5335648149414063 0.32716049414062504 0.5289351850585937 0.32253086393229163 0.5231481479492187 0.3287037037760417 0.5239197529296875 0.33487654296874997 0.5293209877929688 0.3374485598958334 0.5324074072265625 0.33487654296874997 0.5335648149414063 0.32716049414062504
0 0.536651234375 0.3523662552083333 0.5358796293945313 0.3467078190104167 0.5324074072265625 0.344135802734375 0.5270061728515625 0.34722222200520836 0.5270061728515625 0.35648148177083333 0.5289351850585937 0.359053498046875 0.5331790122070312 0.35853909440104165 0.536651234375 0.3523662552083333
0 0.59375 0.37294238671875 0.5922067900390625 0.3708847734375 0.587962962890625 0.3703703704427083 0.5841049384765625 0.37448559700520834 0.5856481479492187 0.3832304524739583 0.5887345678710938 0.38477366276041663 0.5929783950195312 0.38168724283854166 0.59375 0.37294238671875
0 0.6230709877929688 0.4485596705729167 0.6246141977539063 0.442901234375 0.6230709877929688 0.4362139915364583 0.6180555556640625 0.4351851848958333 0.6141975307617188 0.44032921809895836 0.6141975307617188 0.44598765429687504 0.61612654296875 0.44958847721354167 0.6203703706054687 0.45061728385416666 0.6230709877929688 0.4485596705729167
0 0.6003086420898438 0.442901234375 0.6018518520507813 0.43415637890625 0.5987654321289062 0.4279835390625 0.5952932099609375 0.4284979427083333 0.5910493828125 0.433127572265625 0.590663580078125 0.442901234375 0.5922067900390625 0.44598765429687504 0.5960648149414063 0.4465020572916667 0.6003086420898438 0.442901234375
0 0.6458333334960937 0.4115226334635416 0.6462191357421875 0.40380658463541663 0.64467592578125 0.40072016471354166 0.6404320986328125 0.39969135807291667 0.6369598764648438 0.40380658463541663 0.6369598764648438 0.4115226334635416 0.6385030864257812 0.41306584375000005 0.6427469135742188 0.41409465039062504 0.6458333334960937 0.4115226334635416
0 0.6481481479492187 0.4284979427083333 0.64737654296875 0.4218106998697917 0.6442901235351562 0.41923868294270833 0.6400462963867187 0.41975308658854166 0.6369598764648438 0.4238683125 0.6369598764648438 0.42901234570312496 0.6404320986328125 0.4351851848958333 0.64467592578125 0.43415637890625 0.6481481479492187 0.4284979427083333
0 0.6493055556640625 0.4454732513020833 0.6493055556640625 0.4393004114583334 0.6442901235351562 0.4356995885416666 0.6396604936523438 0.4377572018229167 0.6404320986328125 0.44907407421875 0.6431327158203125 0.4511316875 0.6466049384765625 0.450102880859375 0.6493055556640625 0.4454732513020833
0 0.6712962963867187 0.40072016471354166 0.6697530864257812 0.39557613151041665 0.667438271484375 0.39351851822916667 0.6631944443359375 0.39351851822916667 0.6601080249023438 0.3976337447916667 0.6604938271484375 0.40637860091145833 0.6624228393554688 0.4089506171875 0.66782407421875 0.4074074075520833 0.6712962963867187 0.40072016471354166
0 0.6550925927734375 0.38117283919270833 0.6535493828125 0.37345679036458335 0.6442901235351562 0.37345679036458335 0.6442901235351562 0.3791152265625 0.6466049384765625 0.3863168723958333 0.6527777778320313 0.3868312760416666 0.6550925927734375 0.38117283919270833
0 0.6886574072265625 0.44958847721354167 0.6859567900390625 0.44341563802083334 0.681712962890625 0.442901234375 0.679012345703125 0.44598765429687504 0.6782407407226563 0.4531893001302083 0.6805555556640625 0.4573045266927083 0.6871141977539063 0.45627572005208333 0.6886574072265625 0.44958847721354167
0 0.6871141977539063 0.47942386848958335 0.6863425927734375 0.47325102864583335 0.6809413579101562 0.47119341536458337 0.67862654296875 0.47427983528645834 0.679012345703125 0.48456790104166664 0.682098765625 0.48713991796874995 0.6851851850585937 0.48559670768229163 0.6871141977539063 0.47942386848958335
0 0.7800925927734375 0.5272633743489583 0.7816358022460937 0.515946501953125 0.7804783950195312 0.5113168723958333 0.7766203706054687 0.5066872428385417 0.7689043208007813 0.5061728391927084 0.763888888671875 0.5118312760416667 0.7631172841796875 0.5231481484375 0.7654320986328125 0.5313786009114584 0.7735339506835938 0.532921810546875 0.7800925927734375 0.5272633743489583
0 0.7827932099609375 0.5745884772135417 0.786651234375 0.5699588476562499 0.7878086420898438 0.5601851848958334 0.7835648149414063 0.55092592578125 0.775848765625 0.5493827161458333 0.7712191357421875 0.5524691360677083 0.7685185185546874 0.557098765625 0.7685185185546874 0.5694444446614583 0.7716049384765625 0.575102880859375 0.7789351850585937 0.5761316875 0.7827932099609375 0.5745884772135417
0 0.7881944443359375 0.6183127571614583 0.7935956791992187 0.609053498046875 0.7932098764648438 0.6008230455729167 0.7854938271484375 0.5925925924479166 0.7797067900390625 0.59310699609375 0.7746913579101562 0.6018518515625 0.775462962890625 0.6136831276041667 0.7785493828125 0.6188271608072916 0.7824074072265625 0.6208847734374999 0.7881944443359375 0.6183127571614583
0 0.7939814814453126 0.6625514401041667 0.7974537036132813 0.657921810546875 0.7997685185546874 0.6491769544270833 0.7978395063476562 0.6414609055989583 0.7932098764648438 0.6368312760416667 0.7851080249023438 0.63786008203125 0.7800925927734375 0.6476337447916667 0.7797067900390625 0.6522633743489583 0.7816358022460937 0.657921810546875 0.7893518520507813 0.6646090533854166 0.7939814814453126 0.6625514401041667
0 0.8047839506835938 0.6990740742187499 0.8047839506835938 0.6872427981770833 0.7993827158203125 0.6805555553385417 0.792438271484375 0.6800411523437501 0.786651234375 0.6877572018229167 0.786651234375 0.6995884772135416 0.7908950615234375 0.7062757200520834 0.7966820986328125 0.7067901236979166 0.8047839506835938 0.6990740742187499
0 0.8074845678710938 0.7469135800781249 0.8109567900390625 0.7376543209635417 0.8086419750976562 0.7273662552083334 0.804012345703125 0.7237654322916667 0.79552469140625 0.7258230455729167 0.7912808642578125 0.7345679010416667 0.7920524692382812 0.7433127571614584 0.7966820986328125 0.7505144029947917 0.8024691357421875 0.7505144029947917 0.8074845678710938 0.7469135800781249
0 0.7210648149414063 0.5339506171875 0.7206790122070312 0.5293209876302084 0.7172067900390625 0.5252057610677083 0.7125771606445312 0.5262345677083333 0.7106481479492187 0.5303497942708334 0.710262345703125 0.5365226334635417 0.713348765625 0.54012345703125 0.7183641977539063 0.539094650390625 0.7210648149414063 0.5339506171875
0 0.7037037036132813 0.54012345703125 0.70447530859375 0.53600823046875 0.7025462963867187 0.5303497942708334 0.698688271484375 0.5282921809895833 0.6952160493164062 0.5313786009114584 0.6936728393554688 0.5354938274739584 0.6952160493164062 0.5437242799479166 0.6994598764648438 0.5442386829427083 0.7037037036132813 0.54012345703125
0 0.6867283950195312 0.5452674895833333 0.6878858022460937 0.5375514401041667 0.6859567900390625 0.53189300390625 0.682098765625 0.53189300390625 0.679012345703125 0.5375514401041667 0.67862654296875 0.5442386829427083 0.6801697529296875 0.547839505859375 0.6824845678710938 0.5488683125 0.6867283950195312 0.5452674895833333
0 0.6720679013671875 0.5468106998697917 0.6720679013671875 0.54012345703125 0.6682098764648438 0.534979423828125 0.6608796293945313 0.5416666666666666 0.6604938271484375 0.5462962962239584 0.6624228393554688 0.5524691360677083 0.6682098764648438 0.5524691360677083 0.6720679013671875 0.5468106998697917
0 0.6797839506835938 0.6177983541666666 0.681712962890625 0.6116255143229167 0.6801697529296875 0.6033950618489583 0.6739969135742188 0.6018518515625 0.67052469140625 0.60390946484375 0.6697530864257812 0.6131687239583333 0.6712962963867187 0.6188271608072916 0.6751543208007813 0.6203703704427083 0.6797839506835938 0.6177983541666666
0 0.695987654296875 0.61213991796875 0.6979166665039063 0.6064814817708334 0.695987654296875 0.5992798352864583 0.690586419921875 0.5982510286458333 0.6871141977539063 0.6023662552083333 0.6867283950195312 0.609053498046875 0.6890432099609375 0.6147119342447916 0.6925154321289062 0.6152263372395833 0.695987654296875 0.61213991796875
0 0.713348765625 0.6023662552083333 0.7125771606445312 0.5961934153645834 0.7094907407226563 0.5941358027343749 0.7037037036132813 0.5982510286458333 0.7040895063476562 0.609053498046875 0.7060185185546874 0.611111111328125 0.7114197529296875 0.609053498046875 0.713348765625 0.6023662552083333
0 0.729938271484375 0.5951646093749999 0.72762345703125 0.5910493828125 0.7233796293945313 0.5910493828125 0.7195216049804688 0.5961934153645834 0.7195216049804688 0.6023662552083333 0.7237654321289062 0.606995884765625 0.727237654296875 0.6049382714843751 0.729938271484375 0.5951646093749999
0 0.3935185185546875 0.1682098763020833 0.39390432080078125 0.159979423828125 0.3904320986328125 0.155864197265625 0.3842592592773437 0.1589506171875 0.38387345703125 0.16563786002604167 0.38541666650390627 0.17078189322916668 0.3904320986328125 0.172839505859375 0.3935185185546875 0.1682098763020833
0 0.3464506171875 0.20473251041666665 0.34837962939453126 0.200102880859375 0.346836419921875 0.19032921809895834 0.3410493828125 0.18827160481770833 0.33719135791015625 0.19084362109375 0.3368055556640625 0.19907407421875 0.33873456787109374 0.20370370377604166 0.34182098779296877 0.2062757200520833 0.3464506171875 0.20473251041666665
0 0.39467592578125 0.19290123437499998 0.39853395068359376 0.18569958854166668 0.397762345703125 0.18055555533854165 0.39429012353515625 0.17746913606770834 0.3881172841796875 0.179012345703125 0.38657407421875 0.18569958854166668 0.38850308642578124 0.191872427734375 0.3904320986328125 0.19393004101562503 0.39467592578125 0.19290123437499998
0 0.42515432080078125 0.22890946484375 0.4278549384765625 0.22376543229166668 0.42708333349609373 0.21656378580729166 0.4220679013671875 0.212962962890625 0.41820987646484375 0.21399176953125 0.4155092592773437 0.22016460937500001 0.41512345703125 0.22427983528645834 0.41820987646484375 0.2304526751302083 0.4220679013671875 0.23096707812499997 0.42515432080078125 0.22890946484375
0 0.5100308642578125 0.20267489713541667 0.5096450615234375 0.19958847721354167 0.5038580249023438 0.19290123437499998 0.5015432099609375 0.19238683138020832 0.4965277778320312 0.19855967057291668 0.49537037060546874 0.2062757200520833 0.5011574072265625 0.212962962890625 0.5050154321289062 0.21244855989583333 0.5100308642578125 0.20267489713541667
0 0.43518518505859377 0.28960905338541665 0.43518518505859377 0.28189300390625 0.43248456787109374 0.27726337434895837 0.42708333349609373 0.27726337434895837 0.42322530859375 0.282921810546875 0.42322530859375 0.289094650390625 0.42554012353515625 0.29372427994791667 0.42862654296875 0.29475308658854166 0.43518518505859377 0.28960905338541665
0 0.44637345703125 0.2536008229166667 0.44251543212890626 0.25205761328125004 0.43827160498046874 0.25771604947916665 0.4390432099609375 0.269032921875 0.44791666650390627 0.26543209895833336 0.44830246923828126 0.2582304524739583 0.44637345703125 0.2536008229166667
0 0.5011574072265625 0.255144033203125 0.5007716049804688 0.24485596679687502 0.4984567900390625 0.23662551432291667 0.48842592578125 0.23765432096354167 0.48533950634765627 0.2438271608072917 0.4849537036132813 0.25205761328125004 0.48649691357421876 0.2592592591145833 0.49498456787109374 0.25977366276041663 0.5011574072265625 0.255144033203125
0 0.4652777778320312 0.25874485611979164 0.46489197509765623 0.25205761328125004 0.4614197529296875 0.24742798372395833 0.45524691357421876 0.25 0.4537037036132813 0.253086419921875 0.45408950634765627 0.26183127604166667 0.45640432080078125 0.26491769531250003 0.463348765625 0.26286008203125 0.4652777778320312 0.25874485611979164
0 0.4814814814453125 0.25668724283854166 0.48109567919921875 0.24639917708333334 0.477237654296875 0.24228395052083332 0.4714506171875 0.24434156380208336 0.46952160498046874 0.25 0.4699074072265625 0.25874485611979164 0.4729938271484375 0.26131687239583334 0.4780092592773437 0.2608024694010417 0.4814814814453125 0.25668724283854166
0 0.51697530859375 0.26851851822916667 0.5154320986328125 0.25977366276041663 0.5119598764648438 0.25874485611979164 0.5061728393554688 0.2633744856770833 0.505787037109375 0.26954732486979166 0.5081018520507813 0.27469135807291667 0.5119598764648438 0.27572016471354166 0.51697530859375 0.26851851822916667
0 0.451388888671875 0.287037037109375 0.4529320986328125 0.282921810546875 0.44945987646484375 0.2736625514322917 0.4448302470703125 0.27263374479166663 0.440586419921875 0.27674897135416665 0.43981481494140623 0.282921810546875 0.44251543212890626 0.28960905338541665 0.44830246923828126 0.29012345703125003 0.451388888671875 0.287037037109375
0 0.54282407421875 0.16666666666666666 0.5435956791992187 0.16255144010416667 0.5408950615234375 0.15534979427083334 0.5362654321289062 0.15483539062499999 0.534336419921875 0.157921810546875 0.5339506171875 0.16306584375 0.5362654321289062 0.1682098763020833 0.5405092592773437 0.1687242799479167 0.54282407421875 0.16666666666666666
0 0.5574845678710938 0.16512345703125 0.559413580078125 0.16152263346354165 0.5590277778320313 0.15329218098958333 0.5574845678710938 0.15123456770833335 0.5532407407226563 0.15123456770833335 0.5505401235351562 0.15380658463541666 0.5497685185546874 0.15946502083333333 0.551311728515625 0.16460905338541668 0.55362654296875 0.16666666666666666 0.5574845678710938 0.16512345703125
0 0.5756172841796875 0.157921810546875 0.5748456791992187 0.14969135807291667 0.5706018520507813 0.147119341796875 0.5663580249023438 0.15072016471354166 0.5675154321289062 0.16049382747395832 0.570987654296875 0.16306584375 0.573688271484375 0.16152263346354165 0.5756172841796875 0.157921810546875
0 0.5910493828125 0.15534979427083334 0.5902777778320313 0.14660493815104167 0.5871913579101562 0.144032921875 0.5829475307617188 0.14609053515625 0.5837191357421875 0.15637860091145833 0.5856481479492187 0.15843621419270834 0.5895061728515625 0.15843621419270834 0.5910493828125 0.15534979427083334
0 0.7260802470703125 0.13734567903645833 0.7253086420898438 0.12705761328125 0.7202932099609375 0.11985596679687499 0.7121913579101562 0.1208847734375 0.707561728515625 0.12757201627604167 0.7079475307617188 0.1399176953125 0.712962962890625 0.14557613151041668 0.7202932099609375 0.14506172851562502 0.7260802470703125 0.13734567903645833
0 0.7287808642578125 0.18569958854166668 0.732638888671875 0.17849794270833333 0.732638888671875 0.17129629622395834 0.727237654296875 0.16306584375 0.7202932099609375 0.162037037109375 0.715663580078125 0.16563786002604167 0.7137345678710938 0.16975308658854169 0.713348765625 0.17849794270833333 0.7195216049804688 0.18775720182291666 0.724151234375 0.18827160481770833 0.7287808642578125 0.18569958854166668
0 0.73842592578125 0.22067901236979168 0.7376543208007813 0.21039094661458335 0.7307098764648438 0.20370370377604166 0.7253086420898438 0.20421810677083332 0.7199074072265625 0.212962962890625 0.7210648149414063 0.22479423893229167 0.727237654296875 0.23148148177083336 0.7334104936523438 0.22942386848958332 0.73842592578125 0.22067901236979168
0 0.7453703706054687 0.26183127604166667 0.744598765625 0.2541152265625 0.73842592578125 0.24742798372395833 0.7307098764648438 0.24845679036458335 0.7260802470703125 0.25565843619791667 0.7264660493164062 0.26543209895833336 0.7341820986328125 0.27469135807291667 0.74112654296875 0.27160493815104164 0.7453703706054687 0.26183127604166667
0 0.7496141977539063 0.3101851848958333 0.7515432099609375 0.301954732421875 0.7480709877929688 0.29218106966145835 0.7407407407226563 0.28960905338541665 0.7337962963867187 0.29475308658854166 0.73302469140625 0.30761316861979165 0.7372685185546874 0.31635802473958335 0.7418981479492187 0.31738683138020835 0.7496141977539063 0.3101851848958333
0 0.7550154321289062 0.35545267513020834 0.7573302470703125 0.34465020572916666 0.7561728393554688 0.3384773665364584 0.753086419921875 0.3343621399739583 0.744212962890625 0.33281893033854165 0.7391975307617188 0.33796296289062505 0.7391975307617188 0.34927983528645834 0.7426697529296875 0.35751028776041666 0.7480709877929688 0.35956790104166664 0.7550154321289062 0.35545267513020834
0 0.650462962890625 0.3045267486979167 0.650848765625 0.29938271614583334 0.6489197529296875 0.29475308658854166 0.6431327158203125 0.29372427994791667 0.6400462963867187 0.2962962962239583 0.63927469140625 0.30349794270833336 0.6408179013671875 0.307098765625 0.6442901235351562 0.30864197526041665 0.650462962890625 0.3045267486979167
0 0.6215277778320313 0.21399176953125 0.621913580078125 0.20781893033854168 0.619598765625 0.20370370377604166 0.61612654296875 0.202160494140625 0.6114969135742188 0.20576131705729164 0.611111111328125 0.212962962890625 0.6126543208007813 0.217078189453125 0.61612654296875 0.21862139908854164 0.6215277778320313 0.21399176953125
0 0.6060956791992187 0.2196502057291667 0.6084104936523438 0.21656378580729166 0.6091820986328125 0.20987654296875 0.6060956791992187 0.20576131705729164 0.6014660493164062 0.2067901236979167 0.599537037109375 0.20936213997395833 0.599537037109375 0.21656378580729166 0.6018518520507813 0.22016460937500001 0.6060956791992187 0.2196502057291667
0 0.5431979165039063 0.23788940299479167 0.545076388671875 0.22911625520833334 0.5419452158203125 0.22326800390625 0.5362677470703126 0.22359104947916666 0.5359961420898437 0.23621810677083332 0.5394402006835938 0.24039557617187501 0.5431979165039063 0.23788940299479167
0 0.664737654296875 0.13734567903645833 0.664737654296875 0.13271604947916668 0.6612654321289062 0.128086419921875 0.6558641977539063 0.12860082291666666 0.6550925927734375 0.13580246940104165 0.6566358022460937 0.140946501953125 0.6612654321289062 0.14248971223958332 0.664737654296875 0.13734567903645833
0 0.6662808642578125 0.16152263346354165 0.667438271484375 0.15432098763020832 0.664737654296875 0.15020576106770833 0.6585648149414063 0.15020576106770833 0.6570216049804688 0.15277777799479167 0.6566358022460937 0.16152263346354165 0.6581790122070312 0.16358024674479166 0.6612654321289062 0.16460905338541668 0.6662808642578125 0.16152263346354165
0 0.7496141977539063 0.40689300390625 0.7503858022460937 0.39969135807291667 0.7484567900390625 0.39609053515625003 0.7422839506835938 0.39454732486979166 0.7399691357421875 0.397119341796875 0.7399691357421875 0.404835390625 0.741512345703125 0.4089506171875 0.744598765625 0.4104938274739583 0.7496141977539063 0.40689300390625
0 0.7534722221679687 0.4387860084635417 0.7542438271484375 0.43158436197916666 0.7519290122070312 0.4279835390625 0.7476851850585937 0.4279835390625 0.7449845678710938 0.43158436197916666 0.744212962890625 0.4362139915364583 0.7461419750976562 0.44238683138020835 0.7496141977539063 0.442901234375 0.7534722221679687 0.4387860084635417
0 0.7141203706054687 0.4284979427083333 0.7148919750976562 0.41975308658854166 0.713348765625 0.416152263671875 0.7087191357421875 0.41409465039062504 0.7037037036132813 0.4156378600260417 0.7021604936523438 0.41872427994791667 0.7021604936523438 0.42541152278645833 0.704861111328125 0.43004115234375 0.7091049384765625 0.431069958984375 0.7141203706054687 0.4284979427083333
0 0.7172067900390625 0.44958847721354167 0.7179783950195312 0.441872427734375 0.7164351850585937 0.4377572018229167 0.70987654296875 0.4351851848958333 0.70717592578125 0.4387860084635417 0.7067901235351562 0.4465020572916667 0.7094907407226563 0.45370370377604163 0.713348765625 0.4531893001302083 0.7172067900390625 0.44958847721354167
0 0.721836419921875 0.46965020572916666 0.7214506171875 0.46090534960937496 0.7168209877929688 0.45679012369791666 0.7106481479492187 0.45781893033854165 0.7087191357421875 0.4614197532552083 0.7083333334960937 0.4675925924479167 0.713348765625 0.47479423893229167 0.7195216049804688 0.4727366256510417 0.721836419921875 0.46965020572916666
0 0.724537037109375 0.49382716080729167 0.7253086420898438 0.4876543209635417 0.721836419921875 0.479938271484375 0.7168209877929688 0.477880658203125 0.7110339506835938 0.480967078125 0.7106481479492187 0.4881687239583334 0.713348765625 0.49742798372395836 0.7206790122070312 0.49794238671875 0.724537037109375 0.49382716080729167
0 0.7125771606445312 0.40380658463541663 0.713348765625 0.3966049381510417 0.7114197529296875 0.39043209895833336 0.7056327158203125 0.3883744856770834 0.6994598764648438 0.38991769531250003 0.6975308642578125 0.39248971223958334 0.6975308642578125 0.4012345677083333 0.6998456791992187 0.4089506171875 0.7064043208007813 0.4094650208333333 0.7125771606445312 0.40380658463541663
0 0.6064421293945312 0.1552402265625 0.6133310185546875 0.156553498046875 0.61874344140625 0.14801954752604166 0.6177592592773438 0.141454732421875 0.6074263115234375 0.14014197526041666 0.6084104936523438 0.142111111328125 0.6039822529296875 0.14408076106770834 0.6064421293945312 0.1552402265625
0 0.6177592592773438 0.17099537044270832 0.6192353393554687 0.16377417708333333 0.617267361328125 0.15786625520833333 0.6079182099609375 0.15955864192708333 0.6039822529296875 0.1683698561197917 0.6074263115234375 0.1723086419270833 0.6177592592773438 0.17099537044270832
0 0.5987654321289062 0.7283950618489583 0.60262345703125 0.7237654322916667 0.6033950615234375 0.7160493828125 0.5987654321289062 0.7103909466145834 0.5933641977539063 0.7134773665364583 0.5922067900390625 0.7165637858072916 0.5929783950195312 0.7247942389322916 0.5952932099609375 0.7278806582031251 0.5987654321289062 0.7283950618489583
0 0.5999228393554688 0.698045267578125 0.5987654321289062 0.6918724277343751 0.5952932099609375 0.6898148151041666 0.5910493828125 0.6913580247395833 0.5898919750976562 0.693930041015625 0.5910493828125 0.7047325104166666 0.5956790122070312 0.7057613170572917 0.5983796293945313 0.7026748971354166 0.5999228393554688 0.698045267578125
0 0.5964506171875 0.6800411523437501 0.5972222221679687 0.6718106998697917 0.5933641977539063 0.6671810696614583 0.5871913579101562 0.6676954733072917 0.5868055556640625 0.6784979427083333 0.5891203706054687 0.6831275722656249 0.5922067900390625 0.6846707819010417 0.5964506171875 0.6800411523437501
0 0.6068672841796875 0.7417695475260416 0.6064814814453126 0.73713991796875 0.602237654296875 0.7330246914062499 0.5987654321289062 0.7335390944010417 0.5960648149414063 0.73713991796875 0.5960648149414063 0.7453703704427084 0.5987654321289062 0.75 0.60262345703125 0.7489711933593749 0.6068672841796875 0.7417695475260416
0 0.6060956791992187 0.7700617285156249 0.6095679013671875 0.7623456790364583 0.6084104936523438 0.7582304524739584 0.602237654296875 0.7541152265625 0.5983796293945313 0.7561728391927084 0.5972222221679687 0.7654320989583333 0.5987654321289062 0.769032921875 0.6010802470703125 0.77109053515625 0.6060956791992187 0.7700617285156249
0 0.6091820986328125 0.7932098763020834 0.6118827158203125 0.787037037109375 0.61072530859375 0.7788065846354167 0.6057098764648438 0.7767489713541668 0.6014660493164062 0.7803497942708333 0.6006944443359375 0.7875514401041667 0.6018518520507813 0.7916666666666666 0.60532407421875 0.7947530865885417 0.6091820986328125 0.7932098763020834
0 0.6149691357421875 0.8086419752604167 0.6149691357421875 0.8034979427083333 0.6118827158203125 0.799897119140625 0.6072530864257812 0.7993827161458333 0.6041666665039063 0.8029835390625001 0.6041666665039063 0.8112139915364583 0.6072530864257812 0.8148148151041666 0.6114969135742188 0.8137860084635417 0.6149691357421875 0.8086419752604167
0 0.61612654296875 0.83487654296875 0.6184413579101562 0.8281893001302083 0.6180555556640625 0.8245884772135416 0.6126543208007813 0.8204732513020834 0.60802469140625 0.823045267578125 0.6068672841796875 0.8245884772135416 0.60802469140625 0.8353909466145834 0.6130401235351562 0.8374485598958333 0.61612654296875 0.83487654296875
0 0.621913580078125 0.6862139915364583 0.6246141977539063 0.674897119140625 0.6230709877929688 0.6718106998697917 0.619598765625 0.6712962962239583 0.6130401235351562 0.6774691360677084 0.6118827158203125 0.679012345703125 0.6126543208007813 0.6872427981770833 0.61612654296875 0.6893004114583333 0.621913580078125 0.6862139915364583
0 0.6342592592773437 0.7746913580729166 0.6346450615234375 0.7649176953125 0.630787037109375 0.7618312760416667 0.6246141977539063 0.7644032923177083 0.6246141977539063 0.7726337447916666 0.6265432099609375 0.7762345677083333 0.6300154321289062 0.7772633743489584 0.6342592592773437 0.7746913580729166
0 0.7573302470703125 0.6584362141927084 0.75887345703125 0.6512345677083333 0.7573302470703125 0.6455761315104166 0.7515432099609375 0.6450617285156249 0.7480709877929688 0.6507201647135417 0.7480709877929688 0.6563786009114584 0.7507716049804688 0.662037037109375 0.7550154321289062 0.6615226334635417 0.7573302470703125 0.6584362141927084
0 0.7735339506835938 0.682098765625 0.7743055556640625 0.674897119140625 0.7689043208007813 0.6682098763020834 0.7650462963867187 0.6692386829427083 0.7650462963867187 0.6815843619791666 0.767361111328125 0.6862139915364583 0.76967592578125 0.6867283951822917 0.7735339506835938 0.682098765625
0 0.7762345678710938 0.8215020572916667 0.7743055556640625 0.8153292180989583 0.7685185185546874 0.8163580247395833 0.7658179013671875 0.8204732513020834 0.7658179013671875 0.8281893001302083 0.7681327158203125 0.8317901236979166 0.7735339506835938 0.8292181067708334 0.7762345678710938 0.8215020572916667
0 0.7592592592773437 0.8297325104166666 0.7592592592773437 0.8225308639322916 0.7561728393554688 0.8194444446614583 0.7515432099609375 0.8199588476562499 0.7492283950195312 0.8240740742187499 0.7488425927734375 0.8297325104166666 0.7511574072265625 0.83487654296875 0.7550154321289062 0.8353909466145834 0.7592592592773437 0.8297325104166666
0 0.6925154321289062 0.8497942389322916 0.6948302470703125 0.8415637858072916 0.692901234375 0.835905349609375 0.6890432099609375 0.8353909466145834 0.6840277778320313 0.8395061725260416 0.6832561728515625 0.8467078190104167 0.684413580078125 0.8497942389322916 0.6890432099609375 0.8523662552083334 0.6925154321289062 0.8497942389322916
0 0.679012345703125 0.8472222220052084 0.6782407407226563 0.8425925924479167 0.6751543208007813 0.840020576171875 0.66782407421875 0.8420781894531251 0.6682098764648438 0.8523662552083334 0.6716820986328125 0.8564814817708334 0.6755401235351562 0.8549382714843751 0.679012345703125 0.8472222220052084
0 0.6666666665039063 0.6949588476562499 0.6666666665039063 0.6913580247395833 0.661651234375 0.6851851848958334 0.6581790122070312 0.6851851848958334 0.6566358022460937 0.6903292180989583 0.65625 0.695987654296875 0.6585648149414063 0.700102880859375 0.661651234375 0.7006172838541667 0.6666666665039063 0.6949588476562499
0 0.6780806328125 0.6424799381510417 0.6790648149414062 0.6346023665364583 0.6735046293945313 0.6313400208333334 0.6716840278320313 0.6398544238281251 0.6751284721679688 0.64773199609375 0.6780806328125 0.6424799381510417
0 0.6830011572265625 0.6884326132812499 0.6757091049804688 0.6849845677083333 0.6741442900390625 0.6963101848958333 0.6790648149414062 0.695653806640625 0.6830011572265625 0.6884326132812499
0 0.38966049365234373 0.710905349609375 0.38734567919921875 0.7062757200520834 0.38310185205078123 0.7052469134114583 0.3792438271484375 0.7093621399739584 0.3792438271484375 0.7160493828125 0.3823302470703125 0.7206790123697916 0.38927469140625 0.71810699609375 0.38966049365234373 0.710905349609375
0 0.39197530859375 0.7407407408854166 0.392361111328125 0.7325102877604167 0.3900462963867187 0.7283950618489583 0.38580246923828126 0.7273662552083334 0.3819444443359375 0.730967078125 0.38155864208984375 0.7376543209635417 0.38310185205078123 0.7412551438802083 0.38734567919921875 0.7433127571614584 0.39197530859375 0.7407407408854166
0 0.3969907407226563 0.7669753085937501 0.395061728515625 0.7608024694010417 0.3904320986328125 0.7597736627604167 0.38657407421875 0.7649176953125 0.3877314814453125 0.7736625514322917 0.3904320986328125 0.7762345677083333 0.39544753076171874 0.7741769544270833 0.3969907407226563 0.7669753085937501
0 0.40432098779296877 0.8245884772135416 0.4035493828125 0.817901234375 0.400848765625 0.8153292180989583 0.3969907407226563 0.8153292180989583 0.39467592578125 0.817901234375 0.39390432080078125 0.8240740742187499 0.3962191357421875 0.8292181067708334 0.4020061728515625 0.8297325104166666 0.40432098779296877 0.8245884772135416
0 0.39853395068359376 0.7947530865885417 0.39969135791015625 0.7865226334635417 0.39737654296875 0.7824074075520833 0.3935185185546875 0.78189300390625 0.38966049365234373 0.7854938274739584 0.38966049365234373 0.7932098763020834 0.39158950634765627 0.7962962962239583 0.39429012353515625 0.797839505859375 0.39853395068359376 0.7947530865885417
0 0.43711419775390625 0.7083333333333334 0.43981481494140623 0.7026748971354166 0.4386574072265625 0.6965020572916667 0.43364197509765623 0.692901234375 0.42939814794921877 0.695987654296875 0.429012345703125 0.7047325104166666 0.4305555556640625 0.708847736328125 0.4347993828125 0.70987654296875 0.43711419775390625 0.7083333333333334
0 0.44135802490234377 0.7283950618489583 0.44251543212890626 0.7237654322916667 0.4402006171875 0.7170781894531251 0.432098765625 0.7160493828125 0.43094135791015625 0.719135802734375 0.4305555556640625 0.7242798352864583 0.43248456787109374 0.730967078125 0.43557098779296877 0.7325102877604167 0.44135802490234377 0.7283950618489583
0 0.4467592592773437 0.7541152265625 0.44521604931640624 0.75 0.4386574072265625 0.7489711933593749 0.43672839501953126 0.7510288066406251 0.43788580224609375 0.7633744856770833 0.442901234375 0.763888888671875 0.44560185205078123 0.7618312760416667 0.4467592592773437 0.7541152265625
0 0.44907407421875 0.7829218105468749 0.44907407421875 0.7726337447916666 0.442901234375 0.7705761315104166 0.4402006171875 0.7731481484375 0.4402006171875 0.7824074075520833 0.443287037109375 0.78600823046875 0.4467592592773437 0.78600823046875 0.44907407421875 0.7829218105468749
0 0.4537037036132813 0.8122427981770833 0.4533179013671875 0.8055555553385417 0.44984567919921875 0.8029835390625001 0.4444444443359375 0.8050411523437501 0.4444444443359375 0.8163580247395833 0.445987654296875 0.8184156380208334 0.4502314814453125 0.8184156380208334 0.4537037036132813 0.8122427981770833
0 0.45717592578125 0.8307613170572917 0.45524691357421876 0.8266460904947918 0.44907407421875 0.825102880859375 0.445987654296875 0.827160494140625 0.4475308642578125 0.840020576171875 0.4529320986328125 0.8410493828125 0.4560185185546875 0.837962962890625 0.45717592578125 0.8307613170572917
0 0.4074074072265625 0.8487654322916667 0.40702160498046874 0.8410493828125 0.40432098779296877 0.8364197532552083 0.400462962890625 0.8364197532552083 0.3962191357421875 0.8415637858072916 0.39583333349609373 0.8456790123697916 0.39969135791015625 0.8518518515625 0.40432098779296877 0.8518518515625 0.4074074072265625 0.8487654322916667
0 0.40856481494140623 0.8852880657552084 0.411651234375 0.8801440332031251 0.41010802490234377 0.8708847734375 0.40432098779296877 0.8688271608072916 0.4020061728515625 0.8724279837239584 0.40123456787109374 0.8786008229166667 0.40239197509765623 0.8832304524739584 0.40393518505859377 0.8852880657552084 0.40856481494140623 0.8852880657552084
0 0.41396604931640624 0.9038065846354167 0.41512345703125 0.8976337447916666 0.41242283935546875 0.8924897122395833 0.4074074072265625 0.8914609055989583 0.40393518505859377 0.8950617285156249 0.40393518505859377 0.9017489713541668 0.40702160498046874 0.90689300390625 0.411651234375 0.90689300390625 0.41396604931640624 0.9038065846354167
0 0.4614197529296875 0.8688271608072916 0.46103395068359376 0.8605967076822917 0.45679012353515625 0.8575102877604167 0.451388888671875 0.8595679010416667 0.451388888671875 0.8724279837239584 0.45408950634765627 0.8744855970052083 0.4591049384765625 0.87294238671875 0.4614197529296875 0.8688271608072916
0 0.46412037060546874 0.8868312760416667 0.463348765625 0.8837448561197917 0.460262345703125 0.8806584361979167 0.45640432080078125 0.8806584361979167 0.45447530859375 0.8837448561197917 0.4556327158203125 0.893004115234375 0.4594907407226563 0.8955761315104166 0.4618055556640625 0.894032921875 0.46412037060546874 0.8868312760416667
0 0.5216114970703125 0.6897453704427083 0.5216114970703125 0.678585390625 0.5131211420898437 0.6769012343749999 0.5107866513671875 0.6890889915364583 0.51619907421875 0.6943405351562499 0.5216114970703125 0.6897453704427083
0 0.52505594140625 0.7462011315104166 0.5285003857421875 0.7435756171875 0.5304683642578125 0.7337283951822916 0.5240717592773437 0.731102880859375 0.5181674384765625 0.7350416666666666 0.5186593364257812 0.7455447532552083 0.52505594140625 0.7462011315104166
0 0.5196435185546875 0.7114089505208333 0.52505594140625 0.70812654296875 0.5255478393554688 0.7002489713541666 0.5169791665039063 0.6974773665364583 0.5112789350585938 0.7055005143229166 0.5147229936523438 0.7107525722656249 0.5196435185546875 0.7114089505208333
0 0.5329286264648437 0.7612998971354167 0.5314525463867188 0.7521095677083333 0.5235925927734375 0.7525920781250001 0.5211195986328125 0.7632695475260417 0.52456404296875 0.7672083333333334 0.5329286264648437 0.7612998971354167
0 0.5289922841796875 0.8020010286458333 0.535388888671875 0.8013441360677084 0.535880787109375 0.7967489713541666 0.535880787109375 0.7875586419270834 0.529655478515625 0.7834562760416667 0.52456404296875 0.7934665638020834 0.52505594140625 0.799375 0.5289922841796875 0.8020010286458333
0 0.5363730708007812 0.81972530859375 0.5393252314453125 0.8170992799479166 0.5393252314453125 0.8105349791666666 0.5334205249023437 0.8059393001302083 0.527023919921875 0.814473765625 0.5285003857421875 0.81972530859375 0.5363730708007812 0.81972530859375
0 0.5412932099609375 0.8584567903645833 0.544737654296875 0.8525483541666666 0.5437534721679688 0.8433580247395834 0.5378491513671875 0.8394192389322916 0.5299764658203125 0.8499228391927084 0.535880787109375 0.8551743828124999 0.5412932099609375 0.8584567903645833
0 0.54326157421875 0.8742119342447916 0.548181712890625 0.8689598763020833 0.5471979165039063 0.8637083333333333 0.53902469140625 0.8598816875 0.5334205249023437 0.8709295266927084 0.5393252314453125 0.8761810696614584 0.54326157421875 0.8742119342447916
0 0.5671296293945313 0.8451646093749999 0.568287037109375 0.8384773665364583 0.5663580249023438 0.833847736328125 0.5621141977539063 0.8323045266927083 0.5574845678710938 0.83487654296875 0.557098765625 0.8420781894531251 0.559413580078125 0.8487654322916667 0.5636574072265625 0.8482510286458332 0.5671296293945313 0.8451646093749999
0 0.565586419921875 0.8168724277343751 0.5640432099609375 0.8106995885416667 0.557098765625 0.8101851848958334 0.5543981479492187 0.8137860084635417 0.55362654296875 0.820987654296875 0.5559413579101562 0.8281893001302083 0.5652006171875 0.8240740742187499 0.565586419921875 0.8168724277343751
0 0.5625 0.8004115227864584 0.5609567900390625 0.7906378600260416 0.556712962890625 0.789094650390625 0.55362654296875 0.7932098763020834 0.5543981479492187 0.8029835390625001 0.5563271606445312 0.8050411523437501 0.5609567900390625 0.804012345703125 0.5625 0.8004115227864584
0 0.5597993828125 0.7793209876302084 0.5574845678710938 0.7685185182291666 0.55092592578125 0.7669753085937501 0.5478395063476562 0.769032921875 0.5474537036132813 0.7772633743489584 0.5501543208007813 0.7844650208333334 0.5590277778320313 0.7834362141927084 0.5597993828125 0.7793209876302084
0 0.5563271606445312 0.7582304524739584 0.5563271606445312 0.7505144029947917 0.55362654296875 0.7458847734375 0.5470679013671875 0.7463991770833333 0.5447530864257812 0.75205761328125 0.5447530864257812 0.7566872428385416 0.54822530859375 0.7608024694010417 0.5543981479492187 0.7613168723958333 0.5563271606445312 0.7582304524739584
0 0.55362654296875 0.7397119342447916 0.5543981479492187 0.7299382714843751 0.5532407407226563 0.7247942389322916 0.5505401235351562 0.7227366256510416 0.5432098764648438 0.7247942389322916 0.542438271484375 0.7325102877604167 0.5435956791992187 0.7376543209635417 0.5466820986328125 0.7402263372395833 0.55362654296875 0.7397119342447916
0 0.55092592578125 0.712962962890625 0.5501543208007813 0.7067901236979166 0.5470679013671875 0.7016460904947918 0.5412808642578125 0.7026748971354166 0.5393518520507813 0.7083333333333334 0.5405092592773437 0.71399176953125 0.5439814814453126 0.71810699609375 0.5470679013671875 0.7186213990885416 0.55092592578125 0.712962962890625
0 0.54822530859375 0.6913580247395833 0.5466820986328125 0.6805555553385417 0.54282407421875 0.6784979427083333 0.5389660493164062 0.681069958984375 0.54012345703125 0.6954732513020834 0.5432098764648438 0.6975308639322916 0.5470679013671875 0.695987654296875 0.54822530859375 0.6913580247395833
0 0.6253858022460937 0.5694444446614583 0.6331018520507813 0.5673868313802083 0.6369598764648438 0.557098765625 0.6358024692382812 0.551954732421875 0.633487654296875 0.5493827161458333 0.6277006171875 0.5524691360677083 0.625 0.5601851848958334 0.621913580078125 0.5637860084635417 0.6230709877929688 0.567901234375 0.6253858022460937 0.5694444446614583
0 0.37084606494140626 0.3001327161458333 0.37084606494140626 0.2876599791666667 0.3629733793945312 0.2876599791666667 0.36002121923828123 0.29159876562500003 0.3644494599609375 0.3027587447916667 0.37084606494140626 0.3001327161458333
0 0.40922530859375 0.34805452669270837 0.40627314794921876 0.3408333333333333 0.3935223764648437 0.34327417708333335 0.39151157421875 0.3565884772135417 0.4043047841796875 0.3559320989583334 0.40922530859375 0.34805452669270837
0 0.454000771484375 0.3414902265625 0.450556712890625 0.33033024674479167 0.4398186728515625 0.33372067903645836 0.441699845703125 0.34674176953125 0.4485883486328125 0.34674176953125 0.454000771484375 0.3414902265625
0 0.7034660493164062 0.36446604947916666 0.7064182099609375 0.3565884772135417 0.7039579477539063 0.34871090559895834 0.6965771606445312 0.35264969140625 0.695101080078125 0.3631532923177083 0.6970694443359375 0.365122427734375 0.7034660493164062 0.36446604947916666
0 0.6278912036132812 0.7293091562499999 0.628875 0.7201183125 0.6244467592773437 0.714210390625 0.620594521484375 0.7173184153645833 0.6205104165039063 0.7293091562499999 0.6219864970703125 0.7332479427083333 0.6278912036132812 0.7293091562499999
0 0.626907021484375 0.75556738671875 0.6328113427734375 0.75031584375 0.6328113427734375 0.7437510286458333 0.6255547841796875 0.7378945475260417 0.6190343364257812 0.7457206790364582 0.6214945986328125 0.7529418723958333 0.626907021484375 0.75556738671875
0 0.626907021484375 0.7030504114583334 0.6224787807617187 0.6951728391927082 0.6156342592773437 0.6952726334635417 0.6170663579101563 0.7096152265625001 0.6214945986328125 0.7115843619791667 0.626907021484375 0.7030504114583334
0 0.3823622685546875 0.605894033203125 0.375473765625 0.6137716048177083 0.37533449072265623 0.613703189453125 0.37842592578125 0.6295267486979167 0.383838734375 0.6288698561197917 0.38285455224609377 0.6137716048177083 0.3823622685546875 0.605894033203125
0 0.40893287060546873 0.5999855970052083 0.4006871142578125 0.602680041015625 0.4030281635742187 0.62427469140625 0.4109008486328125 0.6216491770833333 0.40893287060546873 0.5999855970052083
0 0.4355030864257812 0.617053498046875 0.43205864208984374 0.5953904322916667 0.4249375 0.5975360084635416 0.42418595703125 0.5986728391927083 0.4276304013671875 0.61836676953125 0.4355030864257812 0.617053498046875
0 0.4581369599609375 0.5894825104166667 0.4491878857421875 0.5931270572916666 0.4507561728515625 0.6137716048177083 0.46108912060546875 0.611145576171875 0.4581369599609375 0.5894825104166667
0 0.4827388115234375 0.5829176953125 0.4738819443359375 0.5855437239583333 0.477326388671875 0.6078631686197916 0.48618325634765625 0.6052371399739583 0.4827388115234375 0.5829176953125
0 0.5063568671875 0.5802916666666667 0.4998935185546875 0.5813693417968749 0.5009444443359375 0.6012988684895834 0.5098013115234376 0.5980164609374999 0.5063568671875 0.5802916666666667
0 0.5329270834960937 0.5730704733072917 0.5230416665039063 0.5754902265625 0.5245625 0.5953904322916667 0.5344031635742188 0.5953904322916667 0.5329270834960937 0.5730704733072917
0 0.5575293208007812 0.5678189303385417 0.5467407407226562 0.5696116256510416 0.5506404321289062 0.5894825104166667 0.5604814814453125 0.5862001028645834 0.5575293208007812 0.5678189303385417
0 0.7843603393554688 0.4555637858072917 0.7694039350585937 0.458647119140625 0.769598765625 0.47197530859375 0.7853441357421875 0.46541049414062496 0.7843603393554688 0.4555637858072917
0 0.7789479165039063 0.42142746940104164 0.767138888671875 0.42470987630208334 0.7666466049804688 0.436526234375 0.78140779296875 0.43455709895833333 0.7789479165039063 0.42142746940104164
0 0.7740273920898437 0.38926080273437497 0.7638927470703125 0.390305041015625 0.7636944443359375 0.40501594661458334 0.7774714506835938 0.40107716080729167 0.7740273920898437 0.38926080273437497
0 0.46793479931640625 0.2752752057291667 0.4635061728515625 0.26936676953125 0.45635300927734374 0.27272736653645835 0.45760185205078124 0.281839505859375 0.4620300927734375 0.28577829231770835 0.46793479931640625 0.2752752057291667
0 0.5004093364257812 0.2660843619791667 0.49352083349609377 0.26345884765625 0.4883194443359375 0.26758333333333334 0.495981095703125 0.28052674869791666 0.5018854165039063 0.277244341796875 0.5004093364257812 0.2660843619791667